#           Club              |  SPI Default  |  SPI Round-Robin  |   Power   |    ATK    |    DEF    |    OFF
1.  	MANCHESTER CITY       |    94.564     |      85.199       |   10.122  |   3.498   |   0.346   |   2.417
2.  	BARCELONA             |    92.528     |      79.723       |   6.610   |   3.508   |   0.531   |   3.723
3.  	BAYERN MUNCHEN        |    91.861     |      78.453       |   6.226   |   3.429   |   0.551   |   3.778
4.  	LIVERPOOL             |    90.689     |      77.214       |   6.186   |   3.149   |   0.509   |   3.206
5.  	REAL MADRID           |    87.813     |      73.596       |   5.597   |   2.734   |   0.489   |   2.672
6.  	ATL MADRID            |    87.000     |      72.964       |   5.634   |   2.590   |   0.460   |   2.381
7.  	MANCHESTER UNITED     |    87.324     |      71.906       |   4.973   |   2.837   |   0.570   |   3.236
8.  	CHELSEA               |    86.196     |      71.186       |   5.060   |   2.615   |   0.517   |   2.704
9.  	PSG                   |    86.149     |      70.589       |   4.817   |   2.687   |   0.558   |   2.997
10.  	LEIPZIG               |    84.826     |      69.767       |   4.908   |   2.451   |   0.500   |   2.449
11.  	DORTMUND              |    85.057     |      68.829       |   4.464   |   2.638   |   0.591   |   3.118
12.  	REAL SOCIEDAD         |    83.316     |      67.342       |   4.389   |   2.403   |   0.548   |   2.631
13.  	SEVILLA               |    82.886     |      67.523       |   4.576   |   2.282   |   0.499   |   2.275
14.  	INTER                 |    83.500     |      66.152       |   3.970   |   2.608   |   0.657   |   3.427
15.  	JUVENTUS              |    82.757     |      66.011       |   4.077   |   2.446   |   0.600   |   2.934
16.  	ATALANTA              |    82.759     |      65.056       |   3.807   |   2.575   |   0.676   |   3.484
17.  	LYON                  |    80.544     |      63.609       |   3.803   |   2.259   |   0.594   |   2.683
18.  	VILLARREAL            |    79.980     |      63.324       |   3.825   |   2.176   |   0.569   |   2.477
19.  	NAPOLI                |    80.020     |      62.715       |   3.652   |   2.260   |   0.619   |   2.796
20.  	LEICESTER             |    79.740     |      62.881       |   3.743   |   2.181   |   0.583   |   2.542
21.  	MILAN                 |    80.578     |      62.174       |   3.445   |   2.452   |   0.712   |   3.491
22.  	TOTTENHAM             |    79.266     |      62.124       |   3.620   |   2.177   |   0.601   |   2.619
23.  	ARSENAL               |    78.388     |      61.707       |   3.651   |   2.055   |   0.563   |   2.312
24.  	BAYER LEVERKUSEN      |    78.616     |      61.382       |   3.532   |   2.137   |   0.605   |   2.587
25.  	ASTON VILLA           |    78.410     |      60.680       |   3.394   |   2.182   |   0.643   |   2.805
26.  	WOLFSBURG             |    76.887     |      59.342       |   3.289   |   2.049   |   0.623   |   2.553
27.  	EINTRACHT FRANKFURT   |    77.627     |      58.723       |   3.085   |   2.270   |   0.736   |   3.342
28.  	WEST HAM              |    76.786     |      58.972       |   3.221   |   2.074   |   0.644   |   2.670
29.  	MONCHENGLADBACH       |    76.825     |      58.120       |   3.051   |   2.186   |   0.717   |   3.132
30.  	ROMA                  |    76.637     |      57.445       |   2.949   |   2.235   |   0.758   |   3.386
31.  	PORTO                 |    75.685     |      57.408       |   3.027   |   2.055   |   0.679   |   2.791
32.  	EVERTON               |    74.835     |      56.606       |   2.959   |   1.996   |   0.675   |   2.693
33.  	LILLE                 |    73.989     |      57.124       |   3.148   |   1.792   |   0.569   |   2.041
34.  	LEEDS                 |    75.178     |      55.574       |   2.763   |   2.188   |   0.792   |   3.465
35.  	MONACO                |    75.217     |      55.440       |   2.741   |   2.213   |   0.807   |   3.574
36.  	BRIGHTON              |    73.863     |      56.075       |   2.950   |   1.887   |   0.640   |   2.414
37.  	SOUTHAMPTON           |    73.662     |      55.238       |   2.820   |   1.949   |   0.691   |   2.695
38.  	BENFICA               |    73.079     |      55.210       |   2.862   |   1.852   |   0.647   |   2.398
39.  	BETIS                 |    73.571     |      54.708       |   2.742   |   1.996   |   0.728   |   2.907
40.  	ATL BILBAO            |    72.797     |      55.138       |   2.874   |   1.814   |   0.631   |   2.290
41.  	LAZIO                 |    73.174     |      54.293       |   2.705   |   1.976   |   0.730   |   2.886
42.  	CELTA                 |    72.498     |      53.947       |   2.698   |   1.899   |   0.704   |   2.674
43.  	SPORTING              |    71.690     |      54.124       |   2.786   |   1.747   |   0.627   |   2.190
44.  	WOLVERHAMPTON         |    70.604     |      53.280       |   2.727   |   1.668   |   0.612   |   2.042
45.  	FLAMENGO              |    71.402     |      51.649       |   2.443   |   1.987   |   0.813   |   3.232
46.  	LEVANTE               |    70.208     |      50.649       |   2.375   |   1.904   |   0.802   |   3.053
47.  	STUTTGART             |    70.667     |      50.229       |   2.309   |   2.037   |   0.882   |   3.594
48.  	UNION BERLIN          |    68.637     |      50.037       |   2.368   |   1.720   |   0.726   |   2.498
49.  	FREIBURG              |    69.232     |      49.563       |   2.288   |   1.872   |   0.818   |   3.063
50.  	HOFFENHEIM            |    69.413     |      49.367       |   2.260   |   1.927   |   0.853   |   3.286
51.  	VALENCIA              |    68.286     |      49.141       |   2.276   |   1.768   |   0.777   |   2.747
52.  	EIBAR                 |    66.722     |      49.333       |   2.367   |   1.513   |   0.639   |   1.934
53.  	OSASUNA               |    67.020     |      48.686       |   2.271   |   1.625   |   0.715   |   2.324
54.  	RENNES                |    66.163     |      48.543       |   2.289   |   1.516   |   0.662   |   2.008
55.  	HERTHA BERLIN         |    66.551     |      47.669       |   2.173   |   1.668   |   0.768   |   2.561
56.  	GRANADA               |    66.560     |      47.586       |   2.164   |   1.679   |   0.776   |   2.605
57.  	GETAFE                |    65.043     |      48.181       |   2.293   |   1.400   |   0.611   |   1.710
58.  	ALAVES                |    65.220     |      47.285       |   2.175   |   1.515   |   0.697   |   2.112
59.  	MARSEILLE             |    65.399     |      47.015       |   2.139   |   1.570   |   0.734   |   2.306
60.  	BRAGA                 |    65.632     |      46.319       |   2.062   |   1.684   |   0.817   |   2.752
61.  	CRYSTAL PALACE        |    65.004     |      46.097       |   2.056   |   1.615   |   0.786   |   2.538
62.  	ATLETICO-MG           |    65.162     |      45.704       |   2.016   |   1.685   |   0.836   |   2.818
63.  	WERDER BREMEN         |    63.868     |      45.151       |   1.993   |   1.556   |   0.781   |   2.429
64.  	LENS                  |    63.533     |      45.059       |   1.991   |   1.518   |   0.762   |   2.314
65.  	SASSUOLO              |    64.452     |      44.091       |   1.893   |   1.773   |   0.937   |   3.322
66.  	BURNLEY               |    62.360     |      44.847       |   1.998   |   1.380   |   0.691   |   1.907
67.  	FULHAM                |    62.488     |      44.445       |   1.956   |   1.439   |   0.736   |   2.118
68.  	FIORENTINA            |    62.437     |      43.778       |   1.897   |   1.505   |   0.793   |   2.389
69.  	INTERNACIONAL         |    62.201     |      43.590       |   1.885   |   1.493   |   0.792   |   2.365
70.  	UDINESE               |    61.907     |      43.714       |   1.901   |   1.439   |   0.757   |   2.178
71.  	SAO PAULO             |    62.276     |      43.369       |   1.866   |   1.529   |   0.820   |   2.506
72.  	NEWCASTLE             |    62.051     |      43.279       |   1.862   |   1.507   |   0.810   |   2.440
73.  	GREMIO                |    61.657     |      42.833       |   1.831   |   1.502   |   0.820   |   2.464
74.  	CADIZ                 |    60.995     |      43.156       |   1.867   |   1.376   |   0.737   |   2.027
75.  	SHEFFIELD UNITED      |    60.429     |      42.584       |   1.827   |   1.361   |   0.745   |   2.028
76.  	HUESCA                |    60.099     |      41.921       |   1.778   |   1.388   |   0.781   |   2.169
77.  	TORINO                |    60.934     |      41.114       |   1.713   |   1.602   |   0.935   |   2.996
78.  	PALMEIRAS             |    60.030     |      41.658       |   1.758   |   1.408   |   0.801   |   2.255
79.  	STRASBOURG            |    60.114     |      40.882       |   1.702   |   1.510   |   0.887   |   2.677
80.  	BOLOGNA               |    60.161     |      40.604       |   1.684   |   1.550   |   0.921   |   2.855
81.  	MONTPELLIER           |    60.645     |      40.066       |   1.650   |   1.694   |   1.027   |   3.478
82.  	BORDEAUX              |    58.731     |      40.878       |   1.711   |   1.320   |   0.772   |   2.037
83.  	HELLAS VERONA         |    58.838     |      40.306       |   1.670   |   1.398   |   0.837   |   2.339
84.  	VALLADOLID            |    58.706     |      40.348       |   1.674   |   1.375   |   0.822   |   2.259
85.  	KOLN                  |    58.984     |      40.001       |   1.650   |   1.453   |   0.881   |   2.561
86.  	SAMPDORIA             |    58.984     |      39.538       |   1.621   |   1.509   |   0.931   |   2.811
87.  	ST ETIENNE            |    58.175     |      40.047       |   1.656   |   1.338   |   0.808   |   2.161
88.  	METZ                  |    57.594     |      40.153       |   1.666   |   1.251   |   0.751   |   1.879
89.  	MAINZ                 |    58.586     |      39.247       |   1.604   |   1.488   |   0.927   |   2.759
90.  	REIMS                 |    57.716     |      39.440       |   1.617   |   1.344   |   0.831   |   2.234
91.  	BREST                 |    58.913     |      38.572       |   1.567   |   1.623   |   1.036   |   3.364
92.  	ANGERS                |    57.220     |      38.986       |   1.590   |   1.329   |   0.836   |   2.222
93.  	AUGSBURG              |    57.217     |      38.689       |   1.572   |   1.363   |   0.867   |   2.363
94.  	BRAGANTINO            |    56.689     |      37.857       |   1.524   |   1.388   |   0.911   |   2.530
95.  	NICE                  |    56.102     |      37.487       |   1.502   |   1.352   |   0.900   |   2.433
96.  	GENOA                 |    55.678     |      36.922       |   1.471   |   1.361   |   0.925   |   2.519
97.  	ELCHE                 |    54.610     |      36.737       |   1.456   |   1.241   |   0.852   |   2.114
98.  	SPEZIA                |    55.107     |      36.244       |   1.435   |   1.365   |   0.951   |   2.597
99.  	ARMINIA               |    53.816     |      35.870       |   1.408   |   1.237   |   0.878   |   2.172
100.  	FLUMINENSE            |    53.824     |      35.602       |   1.396   |   1.269   |   0.909   |   2.306
101.  	CAGLIARI              |    54.192     |      34.888       |   1.369   |   1.409   |   1.029   |   2.900
102.  	BENEVENTO             |    53.940     |      34.849       |   1.364   |   1.378   |   1.010   |   2.782
103.  	NANTES                |    52.773     |      34.549       |   1.340   |   1.255   |   0.936   |   2.350
104.  	PACOS DE FERREIRA     |    52.614     |      34.606       |   1.341   |   1.227   |   0.915   |   2.246
105.  	VITORIA DE GUIMARAES  |    52.310     |      34.499       |   1.333   |   1.200   |   0.900   |   2.161
106.  	ATHLETICO-PR          |    51.935     |      34.676       |   1.337   |   1.133   |   0.847   |   1.920
107.  	LORIENT               |    52.731     |      33.689       |   1.307   |   1.358   |   1.039   |   2.821
108.  	WEST BROM             |    52.354     |      33.661       |   1.301   |   1.308   |   1.006   |   2.631
109.  	CEARA                 |    52.005     |      33.478       |   1.290   |   1.284   |   0.995   |   2.555
110.  	CORINTHIANS           |    51.509     |      33.061       |   1.269   |   1.269   |   1.000   |   2.538
111.  	SANTOS                |    50.938     |      32.255       |   1.234   |   1.295   |   1.049   |   2.716
112.  	SCHALKE 04            |    50.021     |      31.398       |   1.194   |   1.281   |   1.072   |   2.747
113.  	FORTALEZA             |    48.848     |      31.813       |   1.187   |   1.074   |   0.905   |   1.945
114.  	PARMA                 |    48.496     |      30.395       |   1.141   |   1.204   |   1.055   |   2.541
115.  	RIO AVE               |    46.879     |      29.970       |   1.099   |   1.046   |   0.952   |   1.993
116.  	CROTONE               |    47.217     |      29.139       |   1.088   |   1.198   |   1.101   |   2.638
117.  	DIJON                 |    46.409     |      29.396       |   1.076   |   1.057   |   0.983   |   2.077
118.  	NIMES                 |    45.986     |      27.863       |   1.038   |   1.205   |   1.162   |   2.801
119.  	BAHIA                 |    45.787     |      27.697       |   1.031   |   1.201   |   1.166   |   2.801
120.  	PORTIMONENSE          |    44.895     |      28.058       |   1.016   |   1.032   |   1.016   |   2.096
121.  	SANTA CLARA           |    45.155     |      27.893       |   1.019   |   1.087   |   1.066   |   2.318
122.  	ATLETICO-GO           |    44.266     |      27.510       |   0.992   |   1.021   |   1.030   |   2.103
123.  	GIL VICENTE           |    42.747     |      26.565       |   0.940   |   0.950   |   1.010   |   1.918
124.  	FAMALICAO             |    42.428     |      25.564       |   0.922   |   1.042   |   1.130   |   2.354
125.  	MOREIRENSE            |    41.657     |      25.637       |   0.901   |   0.931   |   1.034   |   1.926
126.  	VASCO                 |    41.630     |      24.964       |   0.895   |   1.019   |   1.138   |   2.319
127.  	BOAVISTA              |    40.589     |      24.469       |   0.863   |   0.950   |   1.102   |   2.093
128.  	MARITIMO              |    40.501     |      24.482       |   0.860   |   0.937   |   1.090   |   2.042
129.  	BELENENSES            |    38.999     |      24.629       |   0.812   |   0.740   |   0.910   |   1.346
130.  	BOTAFOGO              |    40.339     |      23.435       |   0.852   |   1.069   |   1.254   |   2.680
131.  	FARENSE               |    40.068     |      23.536       |   0.844   |   1.015   |   1.202   |   2.438
132.  	CORITIBA              |    38.761     |      22.853       |   0.804   |   0.938   |   1.166   |   2.187
133.  	SPORT                 |    38.572     |      22.935       |   0.798   |   0.901   |   1.129   |   2.034
134.  	GOIAS                 |    39.125     |      22.455       |   0.816   |   1.050   |   1.287   |   2.705
135.  	NACIONAL              |    37.150     |      21.745       |   0.754   |   0.885   |   1.173   |   2.075
136.  	TONDELA               |    36.765     |      21.021       |   0.746   |   0.944   |   1.265   |   2.387

============================================================================================================================

#           Club              |  SPI Default  |  SPI Round-Robin  |   Power   |    ATK    |    DEF    |    OFF
1.  	FLAMENGO              |    71.402     |      65.057       |   2.443   |   1.987   |   0.813   |   3.232
2.  	ATLETICO-MG           |    65.162     |      58.651       |   2.016   |   1.685   |   0.836   |   2.818
3.  	INTERNACIONAL         |    62.201     |      55.915       |   1.885   |   1.493   |   0.792   |   2.365
4.  	SAO PAULO             |    62.276     |      55.864       |   1.866   |   1.529   |   0.820   |   2.506
5.  	GREMIO                |    61.657     |      55.250       |   1.831   |   1.502   |   0.820   |   2.464
6.  	PALMEIRAS             |    60.030     |      53.741       |   1.758   |   1.408   |   0.801   |   2.255
7.  	BRAGANTINO            |    56.689     |      50.011       |   1.524   |   1.388   |   0.911   |   2.530
8.  	FLUMINENSE            |    53.824     |      47.264       |   1.396   |   1.269   |   0.909   |   2.306
9.  	ATHLETICO-PR          |    51.935     |      45.714       |   1.337   |   1.133   |   0.847   |   1.920
10.  	CEARA                 |    52.005     |      45.192       |   1.290   |   1.284   |   0.995   |   2.555
11.  	CORINTHIANS           |    51.509     |      44.703       |   1.269   |   1.269   |   1.000   |   2.538
12.  	SANTOS                |    50.938     |      43.982       |   1.234   |   1.295   |   1.049   |   2.716
13.  	FORTALEZA             |    48.848     |      42.551       |   1.187   |   1.074   |   0.905   |   1.945
14.  	BAHIA                 |    45.787     |      38.776       |   1.031   |   1.201   |   1.166   |   2.801
15.  	ATLETICO-GO           |    44.266     |      37.813       |   0.992   |   1.021   |   1.030   |   2.103
16.  	VASCO                 |    41.630     |      35.041       |   0.895   |   1.019   |   1.138   |   2.319
17.  	BOTAFOGO              |    40.339     |      33.535       |   0.852   |   1.069   |   1.254   |   2.680
18.  	CORITIBA              |    38.761     |      32.352       |   0.804   |   0.938   |   1.166   |   2.187
19.  	GOIAS                 |    39.125     |      32.350       |   0.816   |   1.050   |   1.287   |   2.705
20.  	SPORT                 |    38.572     |      32.288       |   0.798   |   0.901   |   1.129   |   2.034

============================================================================================================================

#           Club              |  SPI Default  |  SPI Round-Robin  |   Power   |    ATK    |    DEF    |    OFF
1.  	MANCHESTER CITY       |    94.564     |      77.252       |   10.122  |   3.498   |   0.346   |   2.417
2.  	LIVERPOOL             |    90.689     |      66.651       |   6.186   |   3.149   |   0.509   |   3.206
3.  	MANCHESTER UNITED     |    87.324     |      60.348       |   4.973   |   2.837   |   0.570   |   3.236
4.  	CHELSEA               |    86.196     |      59.978       |   5.060   |   2.615   |   0.517   |   2.704
5.  	LEICESTER             |    79.740     |      51.015       |   3.743   |   2.181   |   0.583   |   2.542
6.  	TOTTENHAM             |    79.266     |      50.127       |   3.620   |   2.177   |   0.601   |   2.619
7.  	ARSENAL               |    78.388     |      50.036       |   3.651   |   2.055   |   0.563   |   2.312
8.  	ASTON VILLA           |    78.410     |      48.412       |   3.394   |   2.182   |   0.643   |   2.805
9.  	WEST HAM              |    76.786     |      46.775       |   3.221   |   2.074   |   0.644   |   2.670
10.  	EVERTON               |    74.835     |      44.325       |   2.959   |   1.996   |   0.675   |   2.693
11.  	BRIGHTON              |    73.863     |      44.102       |   2.950   |   1.887   |   0.640   |   2.414
12.  	SOUTHAMPTON           |    73.662     |      42.939       |   2.820   |   1.949   |   0.691   |   2.695
13.  	LEEDS                 |    75.178     |      42.537       |   2.763   |   2.188   |   0.792   |   3.465
14.  	WOLVERHAMPTON         |    70.604     |      41.779       |   2.727   |   1.668   |   0.612   |   2.042
15.  	CRYSTAL PALACE        |    65.004     |      34.205       |   2.056   |   1.615   |   0.786   |   2.538
16.  	BURNLEY               |    62.360     |      33.826       |   1.998   |   1.380   |   0.691   |   1.907
17.  	FULHAM                |    62.488     |      33.159       |   1.956   |   1.439   |   0.736   |   2.118
18.  	NEWCASTLE             |    62.051     |      31.684       |   1.862   |   1.507   |   0.810   |   2.440
19.  	SHEFFIELD UNITED      |    60.429     |      31.547       |   1.827   |   1.361   |   0.745   |   2.028
20.  	WEST BROM             |    52.354     |      22.914       |   1.301   |   1.308   |   1.006   |   2.631

============================================================================================================================

#           Club              |  SPI Default  |  SPI Round-Robin  |   Power   |    ATK    |    DEF    |    OFF
1.  	BAYERN MUNCHEN        |    91.861     |      74.447       |   6.226   |   3.429   |   0.551   |   3.778
2.  	LEIPZIG               |    84.826     |      65.116       |   4.908   |   2.451   |   0.500   |   2.449
3.  	DORTMUND              |    85.057     |      63.775       |   4.464   |   2.638   |   0.591   |   3.118
4.  	BAYER LEVERKUSEN      |    78.616     |      55.909       |   3.532   |   2.137   |   0.605   |   2.587
5.  	WOLFSBURG             |    76.887     |      53.743       |   3.289   |   2.049   |   0.623   |   2.553
6.  	EINTRACHT FRANKFURT   |    77.627     |      52.668       |   3.085   |   2.270   |   0.736   |   3.342
7.  	MONCHENGLADBACH       |    76.825     |      52.125       |   3.051   |   2.186   |   0.717   |   3.132
8.  	UNION BERLIN          |    68.637     |      43.996       |   2.368   |   1.720   |   0.726   |   2.498
9.  	STUTTGART             |    70.667     |      43.593       |   2.309   |   2.037   |   0.882   |   3.594
10.  	FREIBURG              |    69.232     |      43.172       |   2.288   |   1.872   |   0.818   |   3.063
11.  	HOFFENHEIM            |    69.413     |      42.851       |   2.260   |   1.927   |   0.853   |   3.286
12.  	HERTHA BERLIN         |    66.551     |      41.517       |   2.173   |   1.668   |   0.768   |   2.561
13.  	WERDER BREMEN         |    63.868     |      39.034       |   1.993   |   1.556   |   0.781   |   2.429
14.  	KOLN                  |    58.984     |      33.772       |   1.650   |   1.453   |   0.881   |   2.561
15.  	MAINZ                 |    58.586     |      32.903       |   1.604   |   1.488   |   0.927   |   2.759
16.  	AUGSBURG              |    57.217     |      32.600       |   1.572   |   1.363   |   0.867   |   2.363
17.  	ARMINIA               |    53.816     |      29.959       |   1.408   |   1.237   |   0.878   |   2.172
18.  	SCHALKE 04            |    50.021     |      25.282       |   1.194   |   1.281   |   1.072   |   2.747

============================================================================================================================

#           Club              |  SPI Default  |  SPI Round-Robin  |   Power   |    ATK    |    DEF    |    OFF
1.  	PORTO                 |    75.685     |      70.974       |   3.027   |   2.055   |   0.679   |   2.791
2.  	BENFICA               |    73.079     |      68.524       |   2.862   |   1.852   |   0.647   |   2.398
3.  	SPORTING              |    71.690     |      67.240       |   2.786   |   1.747   |   0.627   |   2.190
4.  	BRAGA                 |    65.632     |      60.732       |   2.062   |   1.684   |   0.817   |   2.752
5.  	PACOS DE FERREIRA     |    52.614     |      48.138       |   1.341   |   1.227   |   0.915   |   2.246
6.  	VITORIA DE GUIMARAES  |    52.310     |      47.888       |   1.333   |   1.200   |   0.900   |   2.161
7.  	RIO AVE               |    46.879     |      42.703       |   1.099   |   1.046   |   0.952   |   1.993
8.  	SANTA CLARA           |    45.155     |      40.894       |   1.019   |   1.087   |   1.066   |   2.318
9.  	PORTIMONENSE          |    44.895     |      40.742       |   1.016   |   1.032   |   1.016   |   2.096
10.  	GIL VICENTE           |    42.747     |      38.762       |   0.940   |   0.950   |   1.010   |   1.918
11.  	FAMALICAO             |    42.428     |      38.277       |   0.922   |   1.042   |   1.130   |   2.354
12.  	MOREIRENSE            |    41.657     |      37.715       |   0.901   |   0.931   |   1.034   |   1.926
13.  	BOAVISTA              |    40.589     |      36.627       |   0.863   |   0.950   |   1.102   |   2.093
14.  	MARITIMO              |    40.501     |      36.563       |   0.860   |   0.937   |   1.090   |   2.042
15.  	FARENSE               |    40.068     |      36.012       |   0.844   |   1.015   |   1.202   |   2.438
16.  	BELENENSES            |    38.999     |      35.463       |   0.812   |   0.740   |   0.910   |   1.346
17.  	NACIONAL              |    37.150     |      33.376       |   0.754   |   0.885   |   1.173   |   2.075
18.  	TONDELA               |    36.765     |      32.918       |   0.746   |   0.944   |   1.265   |   2.387

============================================================================================================================

#           Club              |  SPI Default  |  SPI Round-Robin  |   Power   |    ATK    |    DEF    |    OFF
1.  	BARCELONA             |    92.528     |      71.789       |   6.610   |   3.508   |   0.531   |   3.723
2.  	REAL MADRID           |    87.813     |      65.089       |   5.597   |   2.734   |   0.489   |   2.672
3.  	ATL MADRID            |    87.000     |      64.567       |   5.634   |   2.590   |   0.460   |   2.381
4.  	SEVILLA               |    82.886     |      58.649       |   4.576   |   2.282   |   0.499   |   2.275
5.  	REAL SOCIEDAD         |    83.316     |      58.176       |   4.389   |   2.403   |   0.548   |   2.631
6.  	VILLARREAL            |    79.980     |      53.991       |   3.825   |   2.176   |   0.569   |   2.477
7.  	ATL BILBAO            |    72.797     |      45.718       |   2.874   |   1.814   |   0.631   |   2.290
8.  	BETIS                 |    73.571     |      44.751       |   2.742   |   1.996   |   0.728   |   2.907
9.  	CELTA                 |    72.498     |      44.176       |   2.698   |   1.899   |   0.704   |   2.674
10.  	LEVANTE               |    70.208     |      40.597       |   2.375   |   1.904   |   0.802   |   3.053
11.  	EIBAR                 |    66.722     |      40.341       |   2.367   |   1.513   |   0.639   |   1.934
12.  	GETAFE                |    65.043     |      39.489       |   2.293   |   1.400   |   0.611   |   1.710
13.  	VALENCIA              |    68.286     |      39.365       |   2.276   |   1.768   |   0.777   |   2.747
14.  	OSASUNA               |    67.020     |      39.302       |   2.271   |   1.625   |   0.715   |   2.324
15.  	ALAVES                |    65.220     |      38.160       |   2.175   |   1.515   |   0.697   |   2.112
16.  	GRANADA               |    66.560     |      37.977       |   2.164   |   1.679   |   0.776   |   2.605
17.  	CADIZ                 |    60.995     |      34.312       |   1.867   |   1.376   |   0.737   |   2.027
18.  	HUESCA                |    60.099     |      33.000       |   1.778   |   1.388   |   0.781   |   2.169
19.  	VALLADOLID            |    58.706     |      31.443       |   1.674   |   1.375   |   0.822   |   2.259
20.  	ELCHE                 |    54.610     |      28.266       |   1.456   |   1.241   |   0.852   |   2.114

============================================================================================================================

#           Club              |  SPI Default  |  SPI Round-Robin  |   Power   |    ATK    |    DEF    |    OFF
1.  	INTER                 |    83.500     |      66.660       |   3.970   |   2.608   |   0.657   |   3.427
2.  	JUVENTUS              |    82.757     |      66.519       |   4.077   |   2.446   |   0.600   |   2.934
3.  	ATALANTA              |    82.759     |      65.502       |   3.807   |   2.575   |   0.676   |   3.484
4.  	NAPOLI                |    80.020     |      63.051       |   3.652   |   2.260   |   0.619   |   2.796
5.  	MILAN                 |    80.578     |      62.456       |   3.445   |   2.452   |   0.712   |   3.491
6.  	ROMA                  |    76.637     |      57.454       |   2.949   |   2.235   |   0.758   |   3.386
7.  	LAZIO                 |    73.174     |      54.150       |   2.705   |   1.976   |   0.730   |   2.886
8.  	SASSUOLO              |    64.452     |      43.332       |   1.893   |   1.773   |   0.937   |   3.322
9.  	FIORENTINA            |    62.437     |      43.112       |   1.897   |   1.505   |   0.793   |   2.389
10.  	UDINESE               |    61.907     |      43.075       |   1.901   |   1.439   |   0.757   |   2.178
11.  	TORINO                |    60.934     |      40.233       |   1.713   |   1.602   |   0.935   |   2.996
12.  	BOLOGNA               |    60.161     |      39.714       |   1.684   |   1.550   |   0.921   |   2.855
13.  	HELLAS VERONA         |    58.838     |      39.473       |   1.670   |   1.398   |   0.837   |   2.339
14.  	SAMPDORIA             |    58.984     |      38.601       |   1.621   |   1.509   |   0.931   |   2.811
15.  	GENOA                 |    55.678     |      35.902       |   1.471   |   1.361   |   0.925   |   2.519
16.  	SPEZIA                |    55.107     |      35.182       |   1.435   |   1.365   |   0.951   |   2.597
17.  	CAGLIARI              |    54.192     |      33.722       |   1.369   |   1.409   |   1.029   |   2.900
18.  	BENEVENTO             |    53.940     |      33.698       |   1.364   |   1.378   |   1.010   |   2.782
19.  	PARMA                 |    48.496     |      29.102       |   1.141   |   1.204   |   1.055   |   2.541
20.  	CROTONE               |    47.217     |      27.787       |   1.088   |   1.198   |   1.101   |   2.638

============================================================================================================================

#           Club              |  SPI Default  |  SPI Round-Robin  |   Power   |    ATK    |    DEF    |    OFF
1.  	PSG                   |    86.149     |      73.211       |   4.817   |   2.687   |   0.558   |   2.997
2.  	LYON                  |    80.544     |      66.160       |   3.803   |   2.259   |   0.594   |   2.683
3.  	LILLE                 |    73.989     |      59.410       |   3.148   |   1.792   |   0.569   |   2.041
4.  	MONACO                |    75.217     |      58.098       |   2.741   |   2.213   |   0.807   |   3.574
5.  	RENNES                |    66.163     |      50.647       |   2.289   |   1.516   |   0.662   |   2.008
6.  	MARSEILLE             |    65.399     |      49.152       |   2.139   |   1.570   |   0.734   |   2.306
7.  	LENS                  |    63.533     |      47.135       |   1.991   |   1.518   |   0.762   |   2.314
8.  	STRASBOURG            |    60.114     |      42.866       |   1.702   |   1.510   |   0.887   |   2.677
9.  	BORDEAUX              |    58.731     |      42.747       |   1.711   |   1.320   |   0.772   |   2.037
10.  	MONTPELLIER           |    60.645     |      42.118       |   1.650   |   1.694   |   1.027   |   3.478
11.  	METZ                  |    57.594     |      41.963       |   1.666   |   1.251   |   0.751   |   1.879
12.  	ST ETIENNE            |    58.175     |      41.909       |   1.656   |   1.338   |   0.808   |   2.161
13.  	REIMS                 |    57.716     |      41.290       |   1.617   |   1.344   |   0.831   |   2.234
14.  	ANGERS                |    57.220     |      40.816       |   1.590   |   1.329   |   0.836   |   2.222
15.  	BREST                 |    58.913     |      40.535       |   1.567   |   1.623   |   1.036   |   3.364
16.  	NICE                  |    56.102     |      39.284       |   1.502   |   1.352   |   0.900   |   2.433
17.  	NANTES                |    52.773     |      36.198       |   1.340   |   1.255   |   0.936   |   2.350
18.  	LORIENT               |    52.731     |      35.340       |   1.307   |   1.358   |   1.039   |   2.821
19.  	DIJON                 |    46.409     |      30.762       |   1.076   |   1.057   |   0.983   |   2.077
20.  	NIMES                 |    45.986     |      29.179       |   1.038   |   1.205   |   1.162   |   2.801
