#           Club              |  SPI Default  |  SPI Round-Robin  |   Power   |    ATK    |    DEF    |    OFF
1.  	MANCHESTER CITY       |    95.186     |      85.850       |   9.168   |   3.889   |   0.424   |   3.300
2.  	BAYERN MUNCHEN        |    94.641     |      84.159       |   7.940   |   3.912   |   0.493   |   3.855
3.  	LIVERPOOL             |    92.032     |      79.775       |   6.784   |   3.325   |   0.490   |   3.260
4.  	BARCELONA             |    91.196     |      78.105       |   6.212   |   3.262   |   0.525   |   3.425
5.  	REAL MADRID           |    90.715     |      78.383       |   6.771   |   3.017   |   0.446   |   2.689
6.  	CHELSEA               |    87.582     |      72.753       |   5.119   |   2.834   |   0.554   |   3.138
7.  	MANCHESTER UNITED     |    86.527     |      72.023       |   5.195   |   2.629   |   0.506   |   2.661
8.  	ATL MADRID            |    85.836     |      71.687       |   5.316   |   2.489   |   0.468   |   2.330
9.  	PSG                   |    85.634     |      69.212       |   4.351   |   2.782   |   0.639   |   3.558
10.  	DORTMUND              |    84.243     |      67.927       |   4.271   |   2.587   |   0.606   |   3.134
11.  	JUVENTUS              |    84.264     |      67.589       |   4.159   |   2.640   |   0.635   |   3.352
12.  	LEIPZIG               |    83.518     |      67.169       |   4.196   |   2.507   |   0.598   |   2.997
13.  	INTER                 |    83.053     |      65.878       |   3.909   |   2.568   |   0.657   |   3.374
14.  	ARSENAL               |    80.446     |      63.476       |   3.728   |   2.280   |   0.612   |   2.789
15.  	TOTTENHAM             |    80.094     |      63.362       |   3.759   |   2.220   |   0.591   |   2.621
16.  	SEVILLA               |    79.774     |      63.607       |   3.889   |   2.124   |   0.546   |   2.321
17.  	VILLARREAL            |    79.680     |      62.137       |   3.514   |   2.285   |   0.650   |   2.973
18.  	ATALANTA              |    78.952     |      60.864       |   3.327   |   2.293   |   0.689   |   3.161
19.  	MILAN                 |    79.289     |      60.539       |   3.223   |   2.408   |   0.747   |   3.600
20.  	NAPOLI                |    78.197     |      60.425       |   3.327   |   2.192   |   0.659   |   2.888
21.  	BAYER LEVERKUSEN      |    77.652     |      59.584       |   3.216   |   2.187   |   0.680   |   2.974
22.  	LEICESTER             |    76.865     |      59.256       |   3.239   |   2.073   |   0.640   |   2.654
23.  	MONCHENGLADBACH       |    77.221     |      58.963       |   3.141   |   2.178   |   0.693   |   3.021
24.  	BENFICA               |    76.312     |      58.342       |   3.116   |   2.077   |   0.667   |   2.770
25.  	LYON                  |    75.811     |      58.071       |   3.115   |   2.016   |   0.647   |   2.610
26.  	WOLVERHAMPTON         |    74.961     |      58.458       |   3.300   |   1.824   |   0.553   |   2.016
27.  	REAL SOCIEDAD         |    75.516     |      57.864       |   3.106   |   1.987   |   0.640   |   2.541
28.  	PORTO                 |    75.181     |      57.558       |   3.081   |   1.962   |   0.637   |   2.499
29.  	EVERTON               |    74.123     |      56.399       |   2.964   |   1.908   |   0.644   |   2.457
30.  	SOUTHAMPTON           |    73.807     |      55.727       |   2.873   |   1.930   |   0.672   |   2.594
31.  	WOLFSBURG             |    72.916     |      54.410       |   2.726   |   1.928   |   0.707   |   2.727
32.  	ROMA                  |    73.392     |      53.736       |   2.599   |   2.096   |   0.806   |   3.379
33.  	LAZIO                 |    72.879     |      53.670       |   2.620   |   2.010   |   0.767   |   3.083
34.  	ATL BILBAO            |    71.741     |      53.973       |   2.742   |   1.781   |   0.649   |   2.313
35.  	WEST HAM              |    72.341     |      53.280       |   2.597   |   1.961   |   0.755   |   2.962
36.  	BETIS                 |    72.044     |      53.383       |   2.630   |   1.898   |   0.722   |   2.739
37.  	GETAFE                |    70.366     |      53.654       |   2.798   |   1.603   |   0.573   |   1.836
38.  	EINTRACHT FRANKFURT   |    71.359     |      51.853       |   2.462   |   1.962   |   0.797   |   3.127
39.  	VALENCIA              |    70.304     |      51.615       |   2.485   |   1.812   |   0.729   |   2.642
40.  	FLAMENGO              |    70.159     |      51.299       |   2.451   |   1.824   |   0.744   |   2.716
41.  	HOFFENHEIM            |    70.631     |      50.737       |   2.362   |   1.972   |   0.835   |   3.292
42.  	HERTHA BERLIN         |    69.694     |      50.403       |   2.362   |   1.852   |   0.784   |   2.906
43.  	CELTA                 |    69.140     |      50.565       |   2.406   |   1.744   |   0.725   |   2.528
44.  	GRANADA               |    69.041     |      50.528       |   2.406   |   1.733   |   0.720   |   2.495
45.  	OSASUNA               |    69.009     |      50.516       |   2.406   |   1.729   |   0.718   |   2.484
46.  	BRIGHTON              |    68.852     |      50.278       |   2.384   |   1.731   |   0.726   |   2.514
47.  	MARSEILLE             |    68.398     |      49.360       |   2.293   |   1.764   |   0.769   |   2.713
48.  	RENNES                |    67.412     |      49.362       |   2.334   |   1.612   |   0.691   |   2.227
49.  	LILLE                 |    67.233     |      49.196       |   2.321   |   1.604   |   0.691   |   2.215
50.  	FIORENTINA            |    67.534     |      48.545       |   2.234   |   1.721   |   0.771   |   2.652
51.  	SHEFFIELD UNITED      |    66.958     |      48.860       |   2.292   |   1.599   |   0.698   |   2.231
52.  	MONACO                |    67.706     |      48.157       |   2.187   |   1.794   |   0.820   |   2.942
53.  	EIBAR                 |    66.873     |      48.618       |   2.266   |   1.613   |   0.711   |   2.295
54.  	LEEDS                 |    67.127     |      48.389       |   2.231   |   1.676   |   0.751   |   2.518
55.  	PALMEIRAS             |    66.289     |      48.686       |   2.299   |   1.521   |   0.662   |   2.013
56.  	BURNLEY               |    66.428     |      48.165       |   2.231   |   1.596   |   0.715   |   2.284
57.  	LEVANTE               |    66.568     |      47.227       |   2.127   |   1.722   |   0.810   |   2.790
58.  	CRYSTAL PALACE        |    65.229     |      46.967       |   2.139   |   1.551   |   0.725   |   2.249
59.  	ALAVES                |    65.069     |      46.802       |   2.127   |   1.546   |   0.727   |   2.247
60.  	GREMIO                |    64.529     |      46.609       |   2.123   |   1.490   |   0.702   |   2.093
61.  	SASSUOLO              |    66.087     |      45.413       |   1.975   |   1.867   |   0.945   |   3.528
62.  	FREIBURG              |    65.569     |      45.715       |   2.010   |   1.745   |   0.868   |   3.029
63.  	NEWCASTLE             |    64.992     |      45.989       |   2.047   |   1.624   |   0.793   |   2.577
64.  	ATLETICO-MG           |    64.615     |      45.948       |   2.053   |   1.573   |   0.766   |   2.412
65.  	VALLADOLID            |    63.768     |      45.903       |   2.071   |   1.459   |   0.705   |   2.055
66.  	ASTON VILLA           |    63.987     |      45.416       |   2.017   |   1.541   |   0.764   |   2.355
67.  	WERDER BREMEN         |    64.170     |      44.522       |   1.935   |   1.670   |   0.863   |   2.884
68.  	INTERNACIONAL         |    63.227     |      45.165       |   2.011   |   1.461   |   0.727   |   2.125
69.  	SCHALKE 04            |    63.765     |      44.441       |   1.935   |   1.618   |   0.837   |   2.708
70.  	FULHAM                |    63.078     |      44.541       |   1.956   |   1.508   |   0.771   |   2.324
71.  	ST ETIENNE            |    62.896     |      44.498       |   1.955   |   1.487   |   0.760   |   2.261
72.  	KOLN                  |    64.003     |      43.688       |   1.872   |   1.746   |   0.933   |   3.257
73.  	UNION BERLIN          |    63.156     |      43.709       |   1.884   |   1.613   |   0.856   |   2.761
74.  	BORDEAUX              |    61.771     |      43.885       |   1.922   |   1.398   |   0.728   |   2.035
75.  	CADIZ                 |    61.584     |      43.942       |   1.931   |   1.368   |   0.708   |   1.938
76.  	HUESCA                |    61.972     |      43.378       |   1.875   |   1.480   |   0.789   |   2.336
77.  	ELCHE                 |    61.704     |      43.330       |   1.875   |   1.448   |   0.772   |   2.236
78.  	MAINZ                 |    62.553     |      42.611       |   1.809   |   1.653   |   0.914   |   3.022
79.  	NICE                  |    61.968     |      42.974       |   1.842   |   1.524   |   0.827   |   2.522
80.  	WEST BROM             |    61.588     |      42.801       |   1.834   |   1.490   |   0.813   |   2.421
81.  	STUTTGART             |    61.936     |      41.809       |   1.759   |   1.658   |   0.942   |   3.124
82.  	MONTPELLIER           |    61.154     |      42.178       |   1.791   |   1.498   |   0.837   |   2.507
83.  	AUGSBURG              |    61.385     |      41.753       |   1.759   |   1.582   |   0.899   |   2.844
84.  	SPORTING              |    60.221     |      42.002       |   1.787   |   1.390   |   0.778   |   2.161
85.  	BOLOGNA               |    61.139     |      41.236       |   1.726   |   1.607   |   0.931   |   2.994
86.  	SAMPDORIA             |    60.467     |      40.533       |   1.684   |   1.593   |   0.946   |   3.013
87.  	REIMS                 |    59.255     |      41.029       |   1.723   |   1.365   |   0.792   |   2.163
88.  	BRAGA                 |    59.904     |      40.267       |   1.670   |   1.542   |   0.924   |   2.850
89.  	NANTES                |    58.757     |      40.535       |   1.692   |   1.352   |   0.799   |   2.162
90.  	TORINO                |    59.663     |      39.633       |   1.632   |   1.585   |   0.971   |   3.077
91.  	HELLAS VERONA         |    59.564     |      39.632       |   1.632   |   1.570   |   0.962   |   3.020
92.  	ARMINIA               |    58.789     |      39.630       |   1.633   |   1.458   |   0.893   |   2.604
93.  	NIMES                 |    58.311     |      38.904       |   1.591   |   1.476   |   0.928   |   2.741
94.  	CAGLIARI              |    57.885     |      38.721       |   1.580   |   1.438   |   0.910   |   2.617
95.  	UDINESE               |    57.528     |      38.726       |   1.580   |   1.388   |   0.879   |   2.439
96.  	PARMA                 |    58.499     |      37.902       |   1.539   |   1.631   |   1.060   |   3.458
97.  	SAO PAULO             |    56.826     |      38.864       |   1.588   |   1.280   |   0.806   |   2.064
98.  	ANGERS                |    56.668     |      38.491       |   1.566   |   1.300   |   0.830   |   2.159
99.  	GENOA                 |    57.212     |      37.153       |   1.497   |   1.534   |   1.025   |   3.145
100.  	LENS                  |    55.903     |      37.878       |   1.529   |   1.268   |   0.829   |   2.103
101.  	VITORIA DE GUIMARAES  |    55.296     |      36.800       |   1.470   |   1.309   |   0.890   |   2.331
102.  	STRASBOURG            |    54.840     |      36.064       |   1.432   |   1.333   |   0.931   |   2.483
103.  	LORIENT               |    54.449     |      35.265       |   1.393   |   1.376   |   0.988   |   2.718
104.  	METZ                  |    53.116     |      35.276       |   1.381   |   1.198   |   0.868   |   2.079
105.  	RIO AVE               |    53.707     |      34.726       |   1.364   |   1.340   |   0.982   |   2.632
106.  	BENEVENTO             |    53.625     |      34.435       |   1.352   |   1.365   |   1.010   |   2.755
107.  	DIJON                 |    53.155     |      34.421       |   1.346   |   1.302   |   0.967   |   2.519
108.  	CROTONE               |    52.435     |      33.698       |   1.310   |   1.293   |   0.987   |   2.551
109.  	SPEZIA                |    52.435     |      33.698       |   1.310   |   1.293   |   0.987   |   2.551
110.  	ATHLETICO-PR          |    50.628     |      33.208       |   1.268   |   1.117   |   0.881   |   1.969
111.  	SANTOS                |    50.957     |      32.744       |   1.256   |   1.212   |   0.965   |   2.338
112.  	CORINTHIANS           |    51.145     |      32.532       |   1.252   |   1.263   |   1.008   |   2.547
113.  	FLUMINENSE            |    50.418     |      32.619       |   1.244   |   1.158   |   0.930   |   2.154
114.  	FAMALICAO             |    50.555     |      31.875       |   1.223   |   1.265   |   1.035   |   2.618
115.  	BREST                 |    50.647     |      31.543       |   1.215   |   1.321   |   1.087   |   2.873
116.  	VASCO                 |    49.119     |      31.341       |   1.183   |   1.142   |   0.965   |   2.205
117.  	FORTALEZA             |    47.994     |      30.899       |   1.150   |   1.054   |   0.916   |   1.930
118.  	BRAGANTINO            |    48.090     |      29.921       |   1.127   |   1.183   |   1.049   |   2.482
119.  	BAHIA                 |    47.632     |      29.260       |   1.103   |   1.207   |   1.094   |   2.641
120.  	CEARA                 |    46.382     |      29.261       |   1.077   |   1.045   |   0.970   |   2.028
121.  	MOREIRENSE            |    46.130     |      28.609       |   1.058   |   1.092   |   1.032   |   2.255
122.  	SANTA CLARA           |    45.627     |      27.926       |   1.035   |   1.114   |   1.077   |   2.398
123.  	PORTIMONENSE          |    44.269     |      26.970       |   0.988   |   1.061   |   1.074   |   2.279
124.  	GIL VICENTE           |    44.003     |      26.570       |   0.976   |   1.078   |   1.105   |   2.384
125.  	BOTAFOGO              |    43.350     |      26.511       |   0.958   |   1.002   |   1.046   |   2.096
126.  	PACOS DE FERREIRA     |    42.759     |      25.067       |   0.929   |   1.119   |   1.205   |   2.697
127.  	ATLETICO-GO           |    42.100     |      25.435       |   0.914   |   0.982   |   1.074   |   2.109
128.  	MARITIMO              |    41.832     |      25.342       |   0.905   |   0.960   |   1.060   |   2.035
129.  	BOAVISTA              |    40.800     |      24.493       |   0.870   |   0.940   |   1.080   |   2.030
130.  	BELENENSES            |    40.474     |      23.984       |   0.858   |   0.965   |   1.125   |   2.172
131.  	TONDELA               |    40.515     |      23.554       |   0.858   |   1.031   |   1.201   |   2.476
132.  	GOIAS                 |    40.441     |      23.077       |   0.855   |   1.092   |   1.277   |   2.788
133.  	FARENSE               |    40.144     |      23.141       |   0.847   |   1.041   |   1.229   |   2.559
134.  	CORITIBA              |    39.580     |      23.358       |   0.830   |   0.935   |   1.127   |   2.109
135.  	NACIONAL              |    39.372     |      22.527       |   0.823   |   1.026   |   1.247   |   2.559
136.  	SPORT                 |    38.654     |      22.665       |   0.800   |   0.911   |   1.138   |   2.073

============================================================================================================================

#           Club              |  SPI Default  |  SPI Round-Robin  |   Power   |    ATK    |    DEF    |    OFF
1.  	FLAMENGO              |    70.159     |      63.537       |   2.451   |   1.824   |   0.744   |   2.716
2.  	PALMEIRAS             |    66.289     |      60.088       |   2.299   |   1.521   |   0.662   |   2.013
3.  	GREMIO                |    64.529     |      58.174       |   2.123   |   1.490   |   0.702   |   2.093
4.  	ATLETICO-MG           |    64.615     |      57.964       |   2.053   |   1.573   |   0.766   |   2.412
5.  	INTERNACIONAL         |    63.227     |      56.792       |   2.011   |   1.461   |   0.727   |   2.125
6.  	SAO PAULO             |    56.826     |      50.300       |   1.588   |   1.280   |   0.806   |   2.064
7.  	CORINTHIANS           |    51.145     |      44.189       |   1.252   |   1.263   |   1.008   |   2.547
8.  	SANTOS                |    50.957     |      44.171       |   1.256   |   1.212   |   0.965   |   2.338
9.  	ATHLETICO-PR          |    50.628     |      44.178       |   1.268   |   1.117   |   0.881   |   1.969
10.  	FLUMINENSE            |    50.418     |      43.797       |   1.244   |   1.158   |   0.930   |   2.154
11.  	VASCO                 |    49.119     |      42.469       |   1.183   |   1.142   |   0.965   |   2.205
12.  	FORTALEZA             |    47.994     |      41.611       |   1.150   |   1.054   |   0.916   |   1.930
13.  	BRAGANTINO            |    48.090     |      41.233       |   1.127   |   1.183   |   1.049   |   2.482
14.  	BAHIA                 |    47.632     |      40.667       |   1.103   |   1.207   |   1.094   |   2.641
15.  	CEARA                 |    46.382     |      39.938       |   1.077   |   1.045   |   0.970   |   2.028
16.  	BOTAFOGO              |    43.350     |      36.930       |   0.958   |   1.002   |   1.046   |   2.096
17.  	ATLETICO-GO           |    42.100     |      35.714       |   0.914   |   0.982   |   1.074   |   2.109
18.  	GOIAS                 |    40.441     |      33.658       |   0.855   |   1.092   |   1.277   |   2.788
19.  	CORITIBA              |    39.580     |      33.301       |   0.830   |   0.935   |   1.127   |   2.109
20.  	SPORT                 |    38.654     |      32.447       |   0.800   |   0.911   |   1.138   |   2.073

============================================================================================================================

#           Club              |  SPI Default  |  SPI Round-Robin  |   Power   |    ATK    |    DEF    |    OFF
1.  	MANCHESTER CITY       |    95.186     |      77.611       |   9.168   |   3.889   |   0.424   |   3.300
2.  	LIVERPOOL             |    92.032     |      69.720       |   6.784   |   3.325   |   0.490   |   3.260
3.  	CHELSEA               |    87.582     |      61.403       |   5.119   |   2.834   |   0.554   |   3.138
4.  	MANCHESTER UNITED     |    86.527     |      60.976       |   5.195   |   2.629   |   0.506   |   2.661
5.  	ARSENAL               |    80.446     |      51.454       |   3.728   |   2.280   |   0.612   |   2.789
6.  	TOTTENHAM             |    80.094     |      51.503       |   3.759   |   2.220   |   0.591   |   2.621
7.  	LEICESTER             |    76.865     |      47.178       |   3.239   |   2.073   |   0.640   |   2.654
8.  	WOLVERHAMPTON         |    74.961     |      47.122       |   3.300   |   1.824   |   0.553   |   2.016
9.  	EVERTON               |    74.123     |      44.486       |   2.964   |   1.908   |   0.644   |   2.457
10.  	SOUTHAMPTON           |    73.807     |      43.658       |   2.873   |   1.930   |   0.672   |   2.594
11.  	WEST HAM              |    72.341     |      40.845       |   2.597   |   1.961   |   0.755   |   2.962
12.  	BRIGHTON              |    68.852     |      38.381       |   2.384   |   1.731   |   0.726   |   2.514
13.  	SHEFFIELD UNITED      |    66.958     |      37.350       |   2.292   |   1.599   |   0.698   |   2.231
14.  	LEEDS                 |    67.127     |      36.566       |   2.231   |   1.676   |   0.751   |   2.518
15.  	BURNLEY               |    66.428     |      36.622       |   2.231   |   1.596   |   0.715   |   2.284
16.  	CRYSTAL PALACE        |    65.229     |      35.526       |   2.139   |   1.551   |   0.725   |   2.249
17.  	NEWCASTLE             |    64.992     |      34.232       |   2.047   |   1.624   |   0.793   |   2.577
18.  	ASTON VILLA           |    63.987     |      33.943       |   2.017   |   1.541   |   0.764   |   2.355
19.  	FULHAM                |    63.078     |      33.164       |   1.956   |   1.508   |   0.771   |   2.324
20.  	WEST BROM             |    61.588     |      31.447       |   1.834   |   1.490   |   0.813   |   2.421

============================================================================================================================

#           Club              |  SPI Default  |  SPI Round-Robin  |   Power   |    ATK    |    DEF    |    OFF
1.  	BAYERN MUNCHEN        |    94.641     |      81.467       |   7.940   |   3.912   |   0.493   |   3.855
2.  	DORTMUND              |    84.243     |      63.147       |   4.271   |   2.587   |   0.606   |   3.134
3.  	LEIPZIG               |    83.518     |      62.364       |   4.196   |   2.507   |   0.598   |   2.997
4.  	BAYER LEVERKUSEN      |    77.652     |      54.074       |   3.216   |   2.187   |   0.680   |   2.974
5.  	MONCHENGLADBACH       |    77.221     |      53.380       |   3.141   |   2.178   |   0.693   |   3.021
6.  	WOLFSBURG             |    72.916     |      48.654       |   2.726   |   1.928   |   0.707   |   2.727
7.  	EINTRACHT FRANKFURT   |    71.359     |      45.726       |   2.462   |   1.962   |   0.797   |   3.127
8.  	HOFFENHEIM            |    70.631     |      44.465       |   2.362   |   1.972   |   0.835   |   3.292
9.  	HERTHA BERLIN         |    69.694     |      44.317       |   2.362   |   1.852   |   0.784   |   2.906
10.  	FREIBURG              |    65.569     |      39.363       |   2.010   |   1.745   |   0.868   |   3.029
11.  	WERDER BREMEN         |    64.170     |      38.215       |   1.935   |   1.670   |   0.863   |   2.884
12.  	SCHALKE 04            |    63.765     |      38.235       |   1.935   |   1.618   |   0.837   |   2.708
13.  	KOLN                  |    64.003     |      37.157       |   1.872   |   1.746   |   0.933   |   3.257
14.  	UNION BERLIN          |    63.156     |      37.451       |   1.884   |   1.613   |   0.856   |   2.761
15.  	MAINZ                 |    62.553     |      36.180       |   1.809   |   1.653   |   0.914   |   3.022
16.  	STUTTGART             |    61.936     |      35.309       |   1.759   |   1.658   |   0.942   |   3.124
17.  	AUGSBURG              |    61.385     |      35.406       |   1.759   |   1.582   |   0.899   |   2.844
18.  	ARMINIA               |    58.789     |      33.401       |   1.633   |   1.458   |   0.893   |   2.604

============================================================================================================================

#           Club              |  SPI Default  |  SPI Round-Robin  |   Power   |    ATK    |    DEF    |    OFF
1.  	BENFICA               |    76.312     |      72.436       |   3.116   |   2.077   |   0.667   |   2.770
2.  	PORTO                 |    75.181     |      71.411       |   3.081   |   1.962   |   0.637   |   2.499
3.  	SPORTING              |    60.221     |      56.016       |   1.787   |   1.390   |   0.778   |   2.161
4.  	BRAGA                 |    59.904     |      55.248       |   1.670   |   1.542   |   0.924   |   2.850
5.  	VITORIA DE GUIMARAES  |    55.296     |      50.852       |   1.470   |   1.309   |   0.890   |   2.331
6.  	RIO AVE               |    53.707     |      49.058       |   1.364   |   1.340   |   0.982   |   2.632
7.  	FAMALICAO             |    50.555     |      45.887       |   1.223   |   1.265   |   1.035   |   2.618
8.  	MOREIRENSE            |    46.130     |      41.649       |   1.058   |   1.092   |   1.032   |   2.255
9.  	SANTA CLARA           |    45.627     |      41.072       |   1.035   |   1.114   |   1.077   |   2.398
10.  	PORTIMONENSE          |    44.269     |      39.782       |   0.988   |   1.061   |   1.074   |   2.279
11.  	GIL VICENTE           |    44.003     |      39.465       |   0.976   |   1.078   |   1.105   |   2.384
12.  	PACOS DE FERREIRA     |    42.759     |      38.094       |   0.929   |   1.119   |   1.205   |   2.697
13.  	MARITIMO              |    41.832     |      37.493       |   0.905   |   0.960   |   1.060   |   2.035
14.  	BOAVISTA              |    40.800     |      36.474       |   0.870   |   0.940   |   1.080   |   2.030
15.  	BELENENSES            |    40.474     |      36.080       |   0.858   |   0.965   |   1.125   |   2.172
16.  	TONDELA               |    40.515     |      35.982       |   0.858   |   1.031   |   1.201   |   2.476
17.  	FARENSE               |    40.144     |      35.584       |   0.847   |   1.041   |   1.229   |   2.559
18.  	NACIONAL              |    39.372     |      34.829       |   0.823   |   1.026   |   1.247   |   2.559

============================================================================================================================

#           Club              |  SPI Default  |  SPI Round-Robin  |   Power   |    ATK    |    DEF    |    OFF
1.  	REAL MADRID           |    90.715     |      70.418       |   6.771   |   3.017   |   0.446   |   2.689
2.  	BARCELONA             |    91.196     |      69.738       |   6.212   |   3.262   |   0.525   |   3.425
3.  	ATL MADRID            |    85.836     |      62.983       |   5.316   |   2.489   |   0.468   |   2.330
4.  	SEVILLA               |    79.774     |      54.239       |   3.889   |   2.124   |   0.546   |   2.321
5.  	VILLARREAL            |    79.680     |      52.158       |   3.514   |   2.285   |   0.650   |   2.973
6.  	REAL SOCIEDAD         |    75.516     |      48.074       |   3.106   |   1.987   |   0.640   |   2.541
7.  	ATL BILBAO            |    71.741     |      44.355       |   2.742   |   1.781   |   0.649   |   2.313
8.  	GETAFE                |    70.366     |      44.557       |   2.798   |   1.603   |   0.573   |   1.836
9.  	BETIS                 |    72.044     |      43.374       |   2.630   |   1.898   |   0.722   |   2.739
10.  	VALENCIA              |    70.304     |      41.704       |   2.485   |   1.812   |   0.729   |   2.642
11.  	CELTA                 |    69.140     |      40.774       |   2.406   |   1.744   |   0.725   |   2.528
12.  	GRANADA               |    69.041     |      40.769       |   2.406   |   1.733   |   0.720   |   2.495
13.  	OSASUNA               |    69.009     |      40.767       |   2.406   |   1.729   |   0.718   |   2.484
14.  	EIBAR                 |    66.873     |      39.102       |   2.266   |   1.613   |   0.711   |   2.295
15.  	LEVANTE               |    66.568     |      37.295       |   2.127   |   1.722   |   0.810   |   2.790
16.  	ALAVES                |    65.069     |      37.398       |   2.127   |   1.546   |   0.727   |   2.247
17.  	VALLADOLID            |    63.768     |      36.744       |   2.071   |   1.459   |   0.705   |   2.055
18.  	CADIZ                 |    61.584     |      35.013       |   1.931   |   1.368   |   0.708   |   1.938
19.  	HUESCA                |    61.972     |      34.051       |   1.875   |   1.480   |   0.789   |   2.336
20.  	ELCHE                 |    61.704     |      34.106       |   1.875   |   1.448   |   0.772   |   2.236

============================================================================================================================

#           Club              |  SPI Default  |  SPI Round-Robin  |   Power   |    ATK    |    DEF    |    OFF
1.  	JUVENTUS              |    84.264     |      68.401       |   4.159   |   2.640   |   0.635   |   3.352
2.  	INTER                 |    83.053     |      66.579       |   3.909   |   2.568   |   0.657   |   3.374
3.  	ATALANTA              |    78.952     |      61.234       |   3.327   |   2.293   |   0.689   |   3.161
4.  	MILAN                 |    79.289     |      60.862       |   3.223   |   2.408   |   0.747   |   3.600
5.  	NAPOLI                |    78.197     |      60.782       |   3.327   |   2.192   |   0.659   |   2.888
6.  	ROMA                  |    73.392     |      53.577       |   2.599   |   2.096   |   0.806   |   3.379
7.  	LAZIO                 |    72.879     |      53.533       |   2.620   |   2.010   |   0.767   |   3.083
8.  	FIORENTINA            |    67.534     |      48.094       |   2.234   |   1.721   |   0.771   |   2.652
9.  	SASSUOLO              |    66.087     |      44.632       |   1.975   |   1.867   |   0.945   |   3.528
10.  	BOLOGNA               |    61.139     |      40.239       |   1.726   |   1.607   |   0.931   |   2.994
11.  	SAMPDORIA             |    60.467     |      39.488       |   1.684   |   1.593   |   0.946   |   3.013
12.  	TORINO                |    59.663     |      38.520       |   1.632   |   1.585   |   0.971   |   3.077
13.  	HELLAS VERONA         |    59.564     |      38.527       |   1.632   |   1.570   |   0.962   |   3.020
14.  	CAGLIARI              |    57.885     |      37.624       |   1.580   |   1.438   |   0.910   |   2.617
15.  	UDINESE               |    57.528     |      37.661       |   1.580   |   1.388   |   0.879   |   2.439
16.  	PARMA                 |    58.499     |      36.625       |   1.539   |   1.631   |   1.060   |   3.458
17.  	GENOA                 |    57.212     |      35.876       |   1.497   |   1.534   |   1.025   |   3.145
18.  	BENEVENTO             |    53.625     |      33.062       |   1.352   |   1.365   |   1.010   |   2.755
19.  	CROTONE               |    52.435     |      32.322       |   1.310   |   1.293   |   0.987   |   2.551
20.  	SPEZIA                |    52.435     |      32.322       |   1.310   |   1.293   |   0.987   |   2.551

============================================================================================================================

#           Club              |  SPI Default  |  SPI Round-Robin  |   Power   |    ATK    |    DEF    |    OFF
1.  	PSG                   |    85.634     |      71.982       |   4.351   |   2.782   |   0.639   |   3.558
2.  	LYON                  |    75.811     |      60.470       |   3.115   |   2.016   |   0.647   |   2.610
3.  	MARSEILLE             |    68.398     |      51.594       |   2.293   |   1.764   |   0.769   |   2.713
4.  	RENNES                |    67.412     |      51.476       |   2.334   |   1.612   |   0.691   |   2.227
5.  	LILLE                 |    67.233     |      51.302       |   2.321   |   1.604   |   0.691   |   2.215
6.  	MONACO                |    67.706     |      50.404       |   2.187   |   1.794   |   0.820   |   2.942
7.  	ST ETIENNE            |    62.896     |      46.489       |   1.955   |   1.487   |   0.760   |   2.261
8.  	BORDEAUX              |    61.771     |      45.807       |   1.922   |   1.398   |   0.728   |   2.035
9.  	NICE                  |    61.968     |      44.968       |   1.842   |   1.524   |   0.827   |   2.522
10.  	MONTPELLIER           |    61.154     |      44.142       |   1.791   |   1.498   |   0.837   |   2.507
11.  	REIMS                 |    59.255     |      42.891       |   1.723   |   1.365   |   0.792   |   2.163
12.  	NANTES                |    58.757     |      42.380       |   1.692   |   1.352   |   0.799   |   2.162
13.  	NIMES                 |    58.311     |      40.778       |   1.591   |   1.476   |   0.928   |   2.741
14.  	ANGERS                |    56.668     |      40.265       |   1.566   |   1.300   |   0.830   |   2.159
15.  	LENS                  |    55.903     |      39.622       |   1.529   |   1.268   |   0.829   |   2.103
16.  	STRASBOURG            |    54.840     |      37.789       |   1.432   |   1.333   |   0.931   |   2.483
17.  	LORIENT               |    54.449     |      36.978       |   1.393   |   1.376   |   0.988   |   2.718
18.  	METZ                  |    53.116     |      36.920       |   1.381   |   1.198   |   0.868   |   2.079
19.  	DIJON                 |    53.155     |      36.078       |   1.346   |   1.302   |   0.967   |   2.519
20.  	BREST                 |    50.647     |      33.088       |   1.215   |   1.321   |   1.087   |   2.873
