#           Club              |  SPI Default  |  SPI Round-Robin  |   Power   |    ATK    |    DEF    |    OFF
1.  	MANCHESTER CITY       |    96.715     |      89.116       |   12.075  |   4.383   |   0.363   |   3.182
2.  	BAYERN MUNCHEN        |    93.252     |      80.449       |   6.933   |   3.645   |   0.526   |   3.834
3.  	LIVERPOOL             |    92.752     |      80.375       |   7.334   |   3.395   |   0.463   |   3.144
4.  	BARCELONA             |    91.758     |      78.278       |   6.522   |   3.320   |   0.509   |   3.379
5.  	REAL MADRID           |    89.866     |      76.279       |   6.419   |   2.918   |   0.455   |   2.653
6.  	PSG                   |    89.576     |      74.022       |   5.302   |   3.172   |   0.598   |   3.794
7.  	CHELSEA               |    88.876     |      74.084       |   5.633   |   2.920   |   0.518   |   3.027
8.  	MANCHESTER UNITED     |    88.327     |      74.067       |   5.894   |   2.750   |   0.467   |   2.566
9.  	ATL MADRID            |    87.080     |      72.768       |   5.760   |   2.573   |   0.447   |   2.299
10.  	LEIPZIG               |    85.594     |      69.299       |   4.684   |   2.642   |   0.564   |   2.981
11.  	ATALANTA              |    83.947     |      66.965       |   4.286   |   2.535   |   0.592   |   3.000
12.  	SEVILLA               |    82.809     |      66.894       |   4.545   |   2.281   |   0.502   |   2.290
13.  	VILLARREAL            |    82.890     |      65.659       |   4.104   |   2.453   |   0.598   |   2.933
14.  	INTER                 |    83.033     |      65.353       |   3.988   |   2.527   |   0.634   |   3.202
15.  	DORTMUND              |    82.903     |      65.333       |   4.006   |   2.499   |   0.624   |   3.117
16.  	WOLVERHAMPTON         |    80.485     |      64.747       |   4.343   |   2.055   |   0.473   |   1.944
17.  	MONCHENGLADBACH       |    81.588     |      63.798       |   3.818   |   2.395   |   0.627   |   3.004
18.  	JUVENTUS              |    80.999     |      62.702       |   3.634   |   2.404   |   0.662   |   3.181
19.  	MILAN                 |    81.094     |      62.409       |   3.553   |   2.463   |   0.693   |   3.416
20.  	LEICESTER             |    80.280     |      63.012       |   3.828   |   2.213   |   0.578   |   2.559
21.  	PORTO                 |    79.256     |      61.806       |   3.673   |   2.151   |   0.586   |   2.520
22.  	SOUTHAMPTON           |    78.846     |      61.338       |   3.615   |   2.126   |   0.588   |   2.501
23.  	BAYER LEVERKUSEN      |    78.606     |      60.090       |   3.358   |   2.228   |   0.664   |   2.957
24.  	ARSENAL               |    77.958     |      59.833       |   3.380   |   2.132   |   0.631   |   2.690
25.  	REAL SOCIEDAD         |    77.449     |      59.608       |   3.393   |   2.062   |   0.608   |   2.507
26.  	EVERTON               |    76.752     |      59.080       |   3.361   |   1.995   |   0.594   |   2.369
27.  	NAPOLI                |    77.136     |      58.722       |   3.239   |   2.107   |   0.651   |   2.741
28.  	WOLFSBURG             |    76.617     |      58.157       |   3.180   |   2.077   |   0.653   |   2.712
29.  	ROMA                  |    76.856     |      57.474       |   3.030   |   2.204   |   0.727   |   3.207
30.  	EINTRACHT FRANKFURT   |    75.797     |      56.387       |   2.932   |   2.135   |   0.728   |   3.110
31.  	TOTTENHAM             |    74.749     |      56.340       |   3.013   |   1.951   |   0.648   |   2.528
32.  	GRANADA               |    74.618     |      56.338       |   3.024   |   1.929   |   0.638   |   2.461
33.  	LYON                  |    74.245     |      56.198       |   3.033   |   1.882   |   0.620   |   2.335
34.  	OSASUNA               |    73.957     |      55.593       |   2.946   |   1.900   |   0.645   |   2.451
35.  	BENFICA               |    73.838     |      54.712       |   2.806   |   1.980   |   0.706   |   2.794
36.  	GETAFE                |    72.146     |      55.173       |   3.035   |   1.658   |   0.546   |   1.811
37.  	FLAMENGO              |    72.890     |      54.277       |   2.805   |   1.869   |   0.666   |   2.490
38.  	BURNLEY               |    72.070     |      54.028       |   2.825   |   1.764   |   0.624   |   2.202
39.  	LILLE                 |    71.663     |      53.019       |   2.689   |   1.808   |   0.672   |   2.432
40.  	WEST HAM              |    71.387     |      51.802       |   2.531   |   1.901   |   0.751   |   2.857
41.  	BETIS                 |    71.192     |      51.901       |   2.555   |   1.858   |   0.727   |   2.702
42.  	LAZIO                 |    71.319     |      51.588       |   2.507   |   1.915   |   0.764   |   2.926
43.  	HOFFENHEIM            |    71.179     |      50.784       |   2.414   |   1.988   |   0.824   |   3.274
44.  	LEGANES               |    69.591     |      51.824       |   2.638   |   1.619   |   0.614   |   1.988
45.  	SHEFFIELD UNITED      |    69.727     |      51.543       |   2.586   |   1.668   |   0.645   |   2.152
46.  	CELTA                 |    70.065     |      51.101       |   2.504   |   1.767   |   0.706   |   2.494
47.  	BRIGHTON              |    68.555     |      49.610       |   2.381   |   1.699   |   0.714   |   2.425
48.  	HERTHA BERLIN         |    69.064     |      49.183       |   2.310   |   1.827   |   0.791   |   2.890
49.  	LEVANTE               |    68.877     |      49.253       |   2.325   |   1.789   |   0.769   |   2.753
50.  	EIBAR                 |    68.012     |      49.400       |   2.378   |   1.641   |   0.690   |   2.264
51.  	MONACO                |    68.709     |      48.742       |   2.274   |   1.822   |   0.801   |   2.919
52.  	ATL BILBAO            |    67.860     |      49.193       |   2.359   |   1.641   |   0.696   |   2.282
53.  	MARSEILLE             |    68.048     |      49.046       |   2.333   |   1.684   |   0.722   |   2.432
54.  	WATFORD               |    68.026     |      48.641       |   2.286   |   1.726   |   0.755   |   2.606
55.  	RENNES                |    67.517     |      48.931       |   2.341   |   1.618   |   0.691   |   2.238
56.  	PALMEIRAS             |    67.303     |      48.651       |   2.315   |   1.617   |   0.698   |   2.259
57.  	FIORENTINA            |    67.443     |      48.209       |   2.258   |   1.686   |   0.747   |   2.517
58.  	BOURNEMOUTH           |    67.795     |      47.956       |   2.219   |   1.769   |   0.797   |   2.819
59.  	GREMIO                |    66.674     |      47.951       |   2.255   |   1.600   |   0.710   |   2.271
60.  	SASSUOLO              |    67.619     |      46.801       |   2.110   |   1.879   |   0.891   |   3.349
61.  	FREIBURG              |    66.911     |      46.649       |   2.112   |   1.784   |   0.845   |   3.013
62.  	KOLN                  |    66.623     |      45.942       |   2.053   |   1.824   |   0.888   |   3.239
63.  	ATLETICO-MG           |    65.171     |      46.643       |   2.158   |   1.526   |   0.707   |   2.158
64.  	MALLORCA              |    65.614     |      45.511       |   2.035   |   1.717   |   0.844   |   2.897
65.  	MAINZ                 |    65.046     |      44.723       |   1.977   |   1.724   |   0.872   |   3.005
66.  	ASTON VILLA           |    64.165     |      45.327       |   2.049   |   1.525   |   0.744   |   2.271
67.  	BOLOGNA               |    64.749     |      44.724       |   1.982   |   1.678   |   0.847   |   2.842
68.  	VALENCIA              |    64.448     |      44.882       |   2.001   |   1.615   |   0.807   |   2.607
69.  	STRASBOURG            |    63.760     |      44.547       |   1.984   |   1.553   |   0.783   |   2.432
70.  	SPORTING              |    63.093     |      44.444       |   1.988   |   1.472   |   0.740   |   2.179
71.  	CRYSTAL PALACE        |    63.016     |      44.390       |   1.984   |   1.467   |   0.739   |   2.169
72.  	ESPANYOL              |    62.802     |      44.488       |   1.998   |   1.428   |   0.715   |   2.041
73.  	SAMPDORIA             |    63.817     |      43.737       |   1.914   |   1.654   |   0.864   |   2.860
74.  	BORDEAUX              |    62.864     |      44.072       |   1.958   |   1.480   |   0.756   |   2.238
75.  	ANGERS                |    62.559     |      43.993       |   1.956   |   1.447   |   0.740   |   2.140
76.  	VALLADOLID            |    62.244     |      43.954       |   1.959   |   1.409   |   0.719   |   2.028
77.  	MONTPELLIER           |    62.712     |      43.480       |   1.909   |   1.524   |   0.798   |   2.432
78.  	AUGSBURG              |    62.788     |      42.757       |   1.850   |   1.618   |   0.874   |   2.829
79.  	NANTES                |    62.107     |      43.083       |   1.884   |   1.483   |   0.787   |   2.335
80.  	UNION BERLIN          |    62.215     |      42.340       |   1.825   |   1.583   |   0.868   |   2.746
81.  	HELLAS VERONA         |    62.298     |      42.195       |   1.813   |   1.612   |   0.889   |   2.867
82.  	BRAGA                 |    62.284     |      42.167       |   1.811   |   1.613   |   0.891   |   2.874
83.  	REIMS                 |    61.359     |      42.781       |   1.869   |   1.414   |   0.757   |   2.140
84.  	WERDER BREMEN         |    62.107     |      42.002       |   1.801   |   1.607   |   0.892   |   2.868
85.  	NEWCASTLE             |    61.478     |      42.128       |   1.816   |   1.502   |   0.827   |   2.485
86.  	UDINESE               |    60.276     |      41.300       |   1.764   |   1.429   |   0.810   |   2.315
87.  	NICE                  |    59.304     |      39.896       |   1.673   |   1.454   |   0.870   |   2.530
88.  	ALAVES                |    58.815     |      40.084       |   1.687   |   1.367   |   0.811   |   2.217
89.  	VITORIA DE GUIMARAES  |    58.977     |      39.949       |   1.677   |   1.404   |   0.837   |   2.351
90.  	PARMA                 |    59.578     |      38.829       |   1.609   |   1.625   |   1.010   |   3.282
91.  	SCHALKE 04            |    58.372     |      38.680       |   1.599   |   1.468   |   0.918   |   2.693
92.  	INTERNACIONAL         |    57.570     |      39.117       |   1.626   |   1.310   |   0.806   |   2.111
93.  	SAO PAULO             |    57.450     |      39.064       |   1.623   |   1.301   |   0.801   |   2.085
94.  	ST ETIENNE            |    57.393     |      38.452       |   1.585   |   1.360   |   0.858   |   2.335
95.  	ATHLETICO-PR          |    56.783     |      38.486       |   1.587   |   1.278   |   0.805   |   2.057
96.  	DIJON                 |    57.029     |      38.104       |   1.564   |   1.351   |   0.864   |   2.335
97.  	RIO AVE               |    56.737     |      37.198       |   1.514   |   1.418   |   0.936   |   2.655
98.  	NIMES                 |    56.479     |      37.191       |   1.513   |   1.383   |   0.914   |   2.530
99.  	GENOA                 |    56.886     |      36.762       |   1.493   |   1.493   |   1.000   |   2.985
100.  	BREST                 |    56.274     |      36.998       |   1.502   |   1.378   |   0.918   |   2.530
101.  	TORINO                |    56.485     |      36.495       |   1.478   |   1.469   |   0.994   |   2.920
102.  	CORINTHIANS           |    54.982     |      36.708       |   1.480   |   1.242   |   0.839   |   2.085
103.  	DUSSELDORF            |    55.404     |      35.651       |   1.432   |   1.422   |   0.993   |   2.826
104.  	METZ                  |    53.960     |      35.421       |   1.409   |   1.256   |   0.891   |   2.238
105.  	PADERBORN             |    54.600     |      34.765       |   1.387   |   1.422   |   1.025   |   2.915
106.  	CAGLIARI              |    54.115     |      35.075       |   1.395   |   1.316   |   0.944   |   2.484
107.  	NORWICH               |    52.135     |      33.403       |   1.305   |   1.255   |   0.961   |   2.413
108.  	SANTOS                |    50.545     |      32.483       |   1.250   |   1.160   |   0.928   |   2.151
109.  	BRAGANTINO            |    50.553     |      32.153       |   1.239   |   1.200   |   0.968   |   2.323
110.  	FLUMINENSE            |    49.596     |      31.733       |   1.210   |   1.128   |   0.932   |   2.103
111.  	BRESCIA               |    49.556     |      29.805       |   1.157   |   1.374   |   1.188   |   3.265
112.  	SANTA CLARA           |    48.676     |      30.325       |   1.154   |   1.181   |   1.024   |   2.419
113.  	BAHIA                 |    47.532     |      29.780       |   1.118   |   1.102   |   0.986   |   2.172
114.  	PORTIMONENSE          |    46.913     |      29.013       |   1.087   |   1.118   |   1.028   |   2.298
115.  	LECCE                 |    48.076     |      28.060       |   1.093   |   1.418   |   1.298   |   3.679
116.  	VASCO                 |    46.414     |      28.656       |   1.069   |   1.099   |   1.028   |   2.259
117.  	SPAL                  |    46.238     |      27.525       |   1.045   |   1.228   |   1.175   |   2.886
118.  	GIL VICENTE           |    45.510     |      27.641       |   1.030   |   1.113   |   1.080   |   2.404
119.  	FAMALICAO             |    45.228     |      27.038       |   1.014   |   1.157   |   1.141   |   2.641
120.  	CEARA                 |    44.733     |      27.327       |   1.007   |   1.053   |   1.046   |   2.203
121.  	MARITIMO              |    44.232     |      27.175       |   0.992   |   1.009   |   1.017   |   2.053
122.  	LORIENT               |    44.797     |      26.701       |   0.999   |   1.146   |   1.147   |   2.627
123.  	BOAVISTA              |    43.097     |      26.232       |   0.950   |   0.986   |   1.038   |   2.047
124.  	PACOS DE FERREIRA     |    43.812     |      25.761       |   0.964   |   1.145   |   1.188   |   2.720
125.  	FORTALEZA             |    43.149     |      25.960       |   0.949   |   1.028   |   1.084   |   2.228
126.  	MOREIRENSE            |    43.181     |      25.911       |   0.949   |   1.039   |   1.095   |   2.274
127.  	GOIAS                 |    42.538     |      25.270       |   0.926   |   1.042   |   1.126   |   2.345
128.  	LENS                  |    41.247     |      24.546       |   0.884   |   0.973   |   1.100   |   2.140
129.  	TONDELA               |    41.255     |      24.010       |   0.882   |   1.049   |   1.190   |   2.497
130.  	BOTAFOGO              |    40.611     |      24.121       |   0.863   |   0.949   |   1.099   |   2.085
131.  	SPORT                 |    40.120     |      23.263       |   0.846   |   1.005   |   1.188   |   2.387
132.  	ATLETICO-GO           |    39.873     |      23.254       |   0.839   |   0.973   |   1.160   |   2.259
133.  	CORITIBA              |    39.706     |      23.348       |   0.834   |   0.938   |   1.125   |   2.111
134.  	BELENENSES            |    37.298     |      21.330       |   0.760   |   0.912   |   1.201   |   2.190
135.  	VITORIA DE SETUBAL    |    35.247     |      20.020       |   0.698   |   0.836   |   1.197   |   2.002
136.  	DESPORTIVO AVES       |    28.049     |      14.598       |   0.520   |   0.747   |   1.437   |   2.146

============================================================================================================================

#           Club              |  SPI Default  |  SPI Round-Robin  |   Power   |    ATK    |    DEF    |    OFF
1.  	FLAMENGO              |    72.890     |      66.346       |   2.805   |   1.869   |   0.666   |   2.490
2.  	PALMEIRAS             |    67.303     |      60.653       |   2.315   |   1.617   |   0.698   |   2.259
3.  	GREMIO                |    66.674     |      59.986       |   2.255   |   1.600   |   0.710   |   2.271
4.  	ATLETICO-MG           |    65.171     |      58.535       |   2.158   |   1.526   |   0.707   |   2.158
5.  	INTERNACIONAL         |    57.570     |      50.822       |   1.626   |   1.310   |   0.806   |   2.111
6.  	SAO PAULO             |    57.450     |      50.728       |   1.623   |   1.301   |   0.801   |   2.085
7.  	ATHLETICO-PR          |    56.783     |      50.084       |   1.587   |   1.278   |   0.805   |   2.057
8.  	CORINTHIANS           |    54.982     |      48.252       |   1.480   |   1.242   |   0.839   |   2.085
9.  	SANTOS                |    50.545     |      43.796       |   1.250   |   1.160   |   0.928   |   2.151
10.  	BRAGANTINO            |    50.553     |      43.655       |   1.239   |   1.200   |   0.968   |   2.323
11.  	FLUMINENSE            |    49.596     |      42.907       |   1.210   |   1.128   |   0.932   |   2.103
12.  	BAHIA                 |    47.532     |      40.832       |   1.118   |   1.102   |   0.986   |   2.172
13.  	VASCO                 |    46.414     |      39.676       |   1.069   |   1.099   |   1.028   |   2.259
14.  	CEARA                 |    44.733     |      38.100       |   1.007   |   1.053   |   1.046   |   2.203
15.  	FORTALEZA             |    43.149     |      36.560       |   0.949   |   1.028   |   1.084   |   2.228
16.  	GOIAS                 |    42.538     |      35.889       |   0.926   |   1.042   |   1.126   |   2.345
17.  	BOTAFOGO              |    40.611     |      34.253       |   0.863   |   0.949   |   1.099   |   2.085
18.  	SPORT                 |    40.120     |      33.569       |   0.846   |   1.005   |   1.188   |   2.387
19.  	ATLETICO-GO           |    39.873     |      33.425       |   0.839   |   0.973   |   1.160   |   2.259
20.  	CORITIBA              |    39.706     |      33.375       |   0.834   |   0.938   |   1.125   |   2.111

============================================================================================================================

#           Club              |  SPI Default  |  SPI Round-Robin  |   Power   |    ATK    |    DEF    |    OFF
1.  	MANCHESTER CITY       |    96.715     |      81.711       |   12.075  |   4.383   |   0.363   |   3.182
2.  	LIVERPOOL             |    92.752     |      69.801       |   7.334   |   3.395   |   0.463   |   3.144
3.  	CHELSEA               |    88.876     |      62.307       |   5.633   |   2.920   |   0.518   |   3.027
4.  	MANCHESTER UNITED     |    88.327     |      62.687       |   5.894   |   2.750   |   0.467   |   2.566
5.  	WOLVERHAMPTON         |    80.485     |      53.119       |   4.343   |   2.055   |   0.473   |   1.944
6.  	LEICESTER             |    80.280     |      50.549       |   3.828   |   2.213   |   0.578   |   2.559
7.  	SOUTHAMPTON           |    78.846     |      48.868       |   3.615   |   2.126   |   0.588   |   2.501
8.  	ARSENAL               |    77.958     |      47.116       |   3.380   |   2.132   |   0.631   |   2.690
9.  	EVERTON               |    76.752     |      46.701       |   3.361   |   1.995   |   0.594   |   2.369
10.  	TOTTENHAM             |    74.749     |      43.760       |   3.013   |   1.951   |   0.648   |   2.528
11.  	BURNLEY               |    72.070     |      41.857       |   2.825   |   1.764   |   0.624   |   2.202
12.  	WEST HAM              |    71.387     |      38.960       |   2.531   |   1.901   |   0.751   |   2.857
13.  	SHEFFIELD UNITED      |    69.727     |      39.503       |   2.586   |   1.668   |   0.645   |   2.152
14.  	BRIGHTON              |    68.555     |      37.319       |   2.381   |   1.699   |   0.714   |   2.425
15.  	WATFORD               |    68.026     |      36.202       |   2.286   |   1.726   |   0.755   |   2.606
16.  	BOURNEMOUTH           |    67.795     |      35.338       |   2.219   |   1.769   |   0.797   |   2.819
17.  	ASTON VILLA           |    64.165     |      33.483       |   2.049   |   1.525   |   0.744   |   2.271
18.  	CRYSTAL PALACE        |    63.016     |      32.743       |   1.984   |   1.467   |   0.739   |   2.169
19.  	NEWCASTLE             |    61.478     |      30.322       |   1.816   |   1.502   |   0.827   |   2.485
20.  	NORWICH               |    52.135     |      22.775       |   1.305   |   1.255   |   0.961   |   2.413

============================================================================================================================

#           Club              |  SPI Default  |  SPI Round-Robin  |   Power   |    ATK    |    DEF    |    OFF
1.  	BAYERN MUNCHEN        |    93.252     |      77.739       |   6.933   |   3.645   |   0.526   |   3.834
2.  	LEIPZIG               |    85.594     |      65.254       |   4.684   |   2.642   |   0.564   |   2.981
3.  	DORTMUND              |    82.903     |      60.782       |   4.006   |   2.499   |   0.624   |   3.117
4.  	MONCHENGLADBACH       |    81.588     |      59.132       |   3.818   |   2.395   |   0.627   |   3.004
5.  	BAYER LEVERKUSEN      |    78.606     |      55.082       |   3.358   |   2.228   |   0.664   |   2.957
6.  	WOLFSBURG             |    76.617     |      53.102       |   3.180   |   2.077   |   0.653   |   2.712
7.  	EINTRACHT FRANKFURT   |    75.797     |      50.987       |   2.932   |   2.135   |   0.728   |   3.110
8.  	HOFFENHEIM            |    71.179     |      44.905       |   2.414   |   1.988   |   0.824   |   3.274
9.  	HERTHA BERLIN         |    69.064     |      43.405       |   2.310   |   1.827   |   0.791   |   2.890
10.  	FREIBURG              |    66.911     |      40.679       |   2.112   |   1.784   |   0.845   |   3.013
11.  	KOLN                  |    66.623     |      39.826       |   2.053   |   1.824   |   0.888   |   3.239
12.  	MAINZ                 |    65.046     |      38.677       |   1.977   |   1.724   |   0.872   |   3.005
13.  	AUGSBURG              |    62.788     |      36.741       |   1.850   |   1.618   |   0.874   |   2.829
14.  	UNION BERLIN          |    62.215     |      36.359       |   1.825   |   1.583   |   0.868   |   2.746
15.  	WERDER BREMEN         |    62.107     |      35.943       |   1.801   |   1.607   |   0.892   |   2.868
16.  	SCHALKE 04            |    58.372     |      32.657       |   1.599   |   1.468   |   0.918   |   2.693
17.  	DUSSELDORF            |    55.404     |      29.540       |   1.432   |   1.422   |   0.993   |   2.826
18.  	PADERBORN             |    54.600     |      28.611       |   1.387   |   1.422   |   1.025   |   2.915

============================================================================================================================

#           Club              |  SPI Default  |  SPI Round-Robin  |   Power   |    ATK    |    DEF    |    OFF
1.  	PORTO                 |    79.256     |      75.361       |   3.673   |   2.151   |   0.586   |   2.520
2.  	BENFICA               |    73.838     |      69.459       |   2.806   |   1.980   |   0.706   |   2.794
3.  	SPORTING              |    63.093     |      58.810       |   1.988   |   1.472   |   0.740   |   2.179
4.  	BRAGA                 |    62.284     |      57.522       |   1.811   |   1.613   |   0.891   |   2.874
5.  	VITORIA DE GUIMARAES  |    58.977     |      54.507       |   1.677   |   1.404   |   0.837   |   2.351
6.  	RIO AVE               |    56.737     |      52.065       |   1.514   |   1.418   |   0.936   |   2.655
7.  	SANTA CLARA           |    48.676     |      44.186       |   1.154   |   1.181   |   1.024   |   2.419
8.  	PORTIMONENSE          |    46.913     |      42.513       |   1.087   |   1.118   |   1.028   |   2.298
9.  	GIL VICENTE           |    45.510     |      41.085       |   1.030   |   1.113   |   1.080   |   2.404
10.  	FAMALICAO             |    45.228     |      40.704       |   1.014   |   1.157   |   1.141   |   2.641
11.  	MARITIMO              |    44.232     |      40.007       |   0.992   |   1.009   |   1.017   |   2.053
12.  	PACOS DE FERREIRA     |    43.812     |      39.297       |   0.964   |   1.145   |   1.188   |   2.720
13.  	MOREIRENSE            |    43.181     |      38.870       |   0.949   |   1.039   |   1.095   |   2.274
14.  	BOAVISTA              |    43.097     |      38.899       |   0.950   |   0.986   |   1.038   |   2.047
15.  	TONDELA               |    41.255     |      36.909       |   0.882   |   1.049   |   1.190   |   2.497
16.  	BELENENSES            |    37.298     |      33.211       |   0.760   |   0.912   |   1.201   |   2.190
17.  	VITORIA DE SETUBAL    |    35.247     |      31.312       |   0.698   |   0.836   |   1.197   |   2.002
18.  	DESPORTIVO AVES       |    28.049     |      24.457       |   0.520   |   0.747   |   1.437   |   2.146

============================================================================================================================

#           Club              |  SPI Default  |  SPI Round-Robin  |   Power   |    ATK    |    DEF    |    OFF
1.  	BARCELONA             |    91.758     |      69.575       |   6.522   |   3.320   |   0.509   |   3.379
2.  	REAL MADRID           |    89.866     |      67.553       |   6.419   |   2.918   |   0.455   |   2.653
3.  	ATL MADRID            |    87.080     |      63.736       |   5.760   |   2.573   |   0.447   |   2.299
4.  	SEVILLA               |    82.809     |      57.210       |   4.545   |   2.281   |   0.502   |   2.290
5.  	VILLARREAL            |    82.890     |      55.335       |   4.104   |   2.453   |   0.598   |   2.933
6.  	REAL SOCIEDAD         |    77.449     |      49.243       |   3.393   |   2.062   |   0.608   |   2.507
7.  	GRANADA               |    74.618     |      45.914       |   3.024   |   1.929   |   0.638   |   2.461
8.  	OSASUNA               |    73.957     |      45.165       |   2.946   |   1.900   |   0.645   |   2.451
9.  	GETAFE                |    72.146     |      45.461       |   3.035   |   1.658   |   0.546   |   1.811
10.  	BETIS                 |    71.192     |      41.211       |   2.555   |   1.858   |   0.727   |   2.702
11.  	LEGANES               |    69.591     |      41.894       |   2.638   |   1.619   |   0.614   |   1.988
12.  	CELTA                 |    70.065     |      40.618       |   2.504   |   1.767   |   0.706   |   2.494
13.  	EIBAR                 |    68.012     |      39.188       |   2.378   |   1.641   |   0.690   |   2.264
14.  	LEVANTE               |    68.877     |      38.550       |   2.325   |   1.789   |   0.769   |   2.753
15.  	ATL BILBAO            |    67.860     |      38.965       |   2.359   |   1.641   |   0.696   |   2.282
16.  	MALLORCA              |    65.614     |      34.802       |   2.035   |   1.717   |   0.844   |   2.897
17.  	VALENCIA              |    64.448     |      34.472       |   2.001   |   1.615   |   0.807   |   2.607
18.  	ESPANYOL              |    62.802     |      34.710       |   1.998   |   1.428   |   0.715   |   2.041
19.  	VALLADOLID            |    62.244     |      34.218       |   1.959   |   1.409   |   0.719   |   2.028
20.  	ALAVES                |    58.815     |      30.376       |   1.687   |   1.367   |   0.811   |   2.217

============================================================================================================================

#           Club              |  SPI Default  |  SPI Round-Robin  |   Power   |    ATK    |    DEF    |    OFF
1.  	ATALANTA              |    83.947     |      68.111       |   4.286   |   2.535   |   0.592   |   3.000
2.  	INTER                 |    83.033     |      66.409       |   3.988   |   2.527   |   0.634   |   3.202
3.  	JUVENTUS              |    80.999     |      63.607       |   3.634   |   2.404   |   0.662   |   3.181
4.  	MILAN                 |    81.094     |      63.289       |   3.553   |   2.463   |   0.693   |   3.416
5.  	NAPOLI                |    77.136     |      59.404       |   3.239   |   2.107   |   0.651   |   2.741
6.  	ROMA                  |    76.856     |      58.052       |   3.030   |   2.204   |   0.727   |   3.207
7.  	LAZIO                 |    71.319     |      51.794       |   2.507   |   1.915   |   0.764   |   2.926
8.  	FIORENTINA            |    67.443     |      48.227       |   2.258   |   1.686   |   0.747   |   2.517
9.  	SASSUOLO              |    67.619     |      46.643       |   2.110   |   1.879   |   0.891   |   3.349
10.  	BOLOGNA               |    64.749     |      44.473       |   1.982   |   1.678   |   0.847   |   2.842
11.  	SAMPDORIA             |    63.817     |      43.417       |   1.914   |   1.654   |   0.864   |   2.860
12.  	HELLAS VERONA         |    62.298     |      41.771       |   1.813   |   1.612   |   0.889   |   2.867
13.  	UDINESE               |    60.276     |      40.887       |   1.764   |   1.429   |   0.810   |   2.315
14.  	PARMA                 |    59.578     |      38.133       |   1.609   |   1.625   |   1.010   |   3.282
15.  	GENOA                 |    56.886     |      35.967       |   1.493   |   1.493   |   1.000   |   2.985
16.  	TORINO                |    56.485     |      35.692       |   1.478   |   1.469   |   0.994   |   2.920
17.  	CAGLIARI              |    54.115     |      34.244       |   1.395   |   1.316   |   0.944   |   2.484
18.  	BRESCIA               |    49.556     |      28.563       |   1.157   |   1.374   |   1.188   |   3.265
19.  	LECCE                 |    48.076     |      26.676       |   1.093   |   1.418   |   1.298   |   3.679
20.  	SPAL                  |    46.238     |      26.216       |   1.045   |   1.228   |   1.175   |   2.886

============================================================================================================================

#           Club              |  SPI Default  |  SPI Round-Robin  |   Power   |    ATK    |    DEF    |    OFF
1.  	PSG                   |    89.576     |      76.824       |   5.302   |   3.172   |   0.598   |   3.794
2.  	LYON                  |    74.245     |      58.447       |   3.033   |   1.882   |   0.620   |   2.335
3.  	LILLE                 |    71.663     |      55.234       |   2.689   |   1.808   |   0.672   |   2.432
4.  	MONACO                |    68.709     |      50.961       |   2.274   |   1.822   |   0.801   |   2.919
5.  	MARSEILLE             |    68.048     |      51.165       |   2.333   |   1.684   |   0.722   |   2.432
6.  	RENNES                |    67.517     |      50.998       |   2.341   |   1.618   |   0.691   |   2.238
7.  	STRASBOURG            |    63.760     |      46.536       |   1.984   |   1.553   |   0.783   |   2.432
8.  	BORDEAUX              |    62.864     |      46.007       |   1.958   |   1.480   |   0.756   |   2.238
9.  	ANGERS                |    62.559     |      45.904       |   1.956   |   1.447   |   0.740   |   2.140
10.  	MONTPELLIER           |    62.712     |      45.435       |   1.909   |   1.524   |   0.798   |   2.432
11.  	NANTES                |    62.107     |      45.006       |   1.884   |   1.483   |   0.787   |   2.335
12.  	REIMS                 |    61.359     |      44.657       |   1.869   |   1.414   |   0.757   |   2.140
13.  	NICE                  |    59.304     |      41.742       |   1.673   |   1.454   |   0.870   |   2.530
14.  	ST ETIENNE            |    57.393     |      40.216       |   1.585   |   1.360   |   0.858   |   2.335
15.  	DIJON                 |    57.029     |      39.856       |   1.564   |   1.351   |   0.864   |   2.335
16.  	NIMES                 |    56.479     |      38.933       |   1.513   |   1.383   |   0.914   |   2.530
17.  	BREST                 |    56.274     |      38.732       |   1.502   |   1.378   |   0.918   |   2.530
18.  	METZ                  |    53.960     |      37.058       |   1.409   |   1.256   |   0.891   |   2.238
19.  	LORIENT               |    44.797     |      27.967       |   0.999   |   1.146   |   1.147   |   2.627
20.  	LENS                  |    41.247     |      25.700       |   0.884   |   0.973   |   1.100   |   2.140
