#           Club              |  SPI Default  |  SPI Round-Robin  |   Power   |    ATK    |    DEF    |    OFF
1.  	MANCHESTER CITY       |    93.358     |      82.937       |   8.780   |   3.309   |   0.377   |   2.494
2.  	BARCELONA             |    92.574     |      79.837       |   6.593   |   3.526   |   0.535   |   3.772
3.  	BAYERN MUNCHEN        |    92.462     |      79.376       |   6.357   |   3.562   |   0.560   |   3.992
4.  	LIVERPOOL             |    91.158     |      77.923       |   6.294   |   3.230   |   0.513   |   3.315
5.  	ATL MADRID            |    87.527     |      74.259       |   6.119   |   2.567   |   0.419   |   2.154
6.  	REAL MADRID           |    87.622     |      73.571       |   5.638   |   2.691   |   0.477   |   2.569
7.  	CHELSEA               |    86.541     |      71.126       |   4.885   |   2.729   |   0.559   |   3.050
8.  	DORTMUND              |    86.445     |      70.896       |   4.821   |   2.735   |   0.567   |   3.103
9.  	MANCHESTER UNITED     |    86.404     |      70.743       |   4.773   |   2.745   |   0.575   |   3.158
10.  	PSG                   |    86.169     |      70.522       |   4.759   |   2.711   |   0.570   |   3.088
11.  	LEIPZIG               |    84.329     |      69.129       |   4.772   |   2.420   |   0.507   |   2.454
12.  	ATALANTA              |    83.794     |      66.404       |   3.970   |   2.655   |   0.669   |   3.552
13.  	REAL SOCIEDAD         |    82.214     |      66.229       |   4.254   |   2.299   |   0.540   |   2.486
14.  	JUVENTUS              |    82.848     |      65.691       |   3.950   |   2.516   |   0.637   |   3.206
15.  	SEVILLA               |    80.907     |      65.282       |   4.241   |   2.137   |   0.504   |   2.153
16.  	VILLARREAL            |    81.350     |      64.919       |   4.020   |   2.274   |   0.566   |   2.571
17.  	TOTTENHAM             |    81.383     |      64.766       |   3.967   |   2.300   |   0.580   |   2.667
18.  	INTER                 |    81.889     |      63.461       |   3.545   |   2.590   |   0.730   |   3.783
19.  	NAPOLI                |    80.535     |      63.610       |   3.794   |   2.262   |   0.596   |   2.696
20.  	MILAN                 |    80.721     |      62.369       |   3.460   |   2.464   |   0.712   |   3.508
21.  	LYON                  |    79.546     |      62.270       |   3.604   |   2.221   |   0.616   |   2.737
22.  	ASTON VILLA           |    79.524     |      62.170       |   3.582   |   2.229   |   0.622   |   2.773
23.  	BAYER LEVERKUSEN      |    79.214     |      62.134       |   3.621   |   2.170   |   0.599   |   2.601
24.  	LEICESTER             |    79.294     |      61.960       |   3.565   |   2.207   |   0.619   |   2.734
25.  	ARSENAL               |    78.341     |      61.431       |   3.577   |   2.082   |   0.582   |   2.424
26.  	ROMA                  |    78.242     |      59.450       |   3.154   |   2.307   |   0.732   |   3.376
27.  	SOUTHAMPTON           |    76.595     |      59.317       |   3.313   |   2.001   |   0.604   |   2.418
28.  	MONCHENGLADBACH       |    77.046     |      58.275       |   3.053   |   2.214   |   0.725   |   3.210
29.  	WEST HAM              |    76.481     |      58.683       |   3.190   |   2.054   |   0.644   |   2.646
30.  	EVERTON               |    75.641     |      57.567       |   3.057   |   2.031   |   0.664   |   2.699
31.  	PORTO                 |    75.816     |      57.194       |   2.972   |   2.109   |   0.710   |   2.993
32.  	EINTRACHT FRANKFURT   |    74.801     |      55.678       |   2.802   |   2.105   |   0.751   |   3.162
33.  	WOLFSBURG             |    74.044     |      55.769       |   2.876   |   1.956   |   0.680   |   2.661
34.  	LEEDS                 |    74.724     |      54.820       |   2.681   |   2.200   |   0.820   |   3.609
35.  	BENFICA               |    73.736     |      55.351       |   2.830   |   1.951   |   0.689   |   2.690
36.  	MONACO                |    74.307     |      54.593       |   2.674   |   2.149   |   0.803   |   3.452
37.  	LILLE                 |    72.030     |      54.596       |   2.839   |   1.751   |   0.617   |   2.160
38.  	WOLVERHAMPTON         |    71.814     |      54.435       |   2.828   |   1.734   |   0.613   |   2.127
39.  	CELTA                 |    72.615     |      53.787       |   2.664   |   1.940   |   0.728   |   2.826
40.  	BRIGHTON              |    72.203     |      53.711       |   2.679   |   1.879   |   0.701   |   2.634
41.  	BETIS                 |    72.372     |      53.380       |   2.620   |   1.946   |   0.743   |   2.892
42.  	ATL BILBAO            |    71.299     |      53.836       |   2.765   |   1.718   |   0.621   |   2.134
43.  	UNION BERLIN          |    71.046     |      52.205       |   2.532   |   1.860   |   0.735   |   2.732
44.  	LAZIO                 |    70.669     |      51.252       |   2.427   |   1.910   |   0.787   |   3.005
45.  	STUTTGART             |    70.969     |      50.928       |   2.375   |   2.002   |   0.843   |   3.375
46.  	SPORTING              |    69.801     |      51.695       |   2.531   |   1.717   |   0.678   |   2.330
47.  	FREIBURG              |    70.222     |      50.574       |   2.364   |   1.916   |   0.810   |   3.105
48.  	MARSEILLE             |    69.329     |      51.210       |   2.489   |   1.697   |   0.682   |   2.314
49.  	GETAFE                |    68.101     |      51.518       |   2.613   |   1.487   |   0.569   |   1.691
50.  	HERTHA BERLIN         |    69.378     |      50.443       |   2.385   |   1.791   |   0.751   |   2.691
51.  	LEVANTE               |    68.822     |      49.416       |   2.286   |   1.822   |   0.797   |   2.904
52.  	RENNES                |    67.857     |      49.973       |   2.396   |   1.609   |   0.672   |   2.162
53.  	FLAMENGO              |    68.850     |      48.859       |   2.225   |   1.895   |   0.852   |   3.227
54.  	HOFFENHEIM            |    68.530     |      48.171       |   2.166   |   1.927   |   0.890   |   3.431
55.  	VALENCIA              |    67.749     |      48.463       |   2.219   |   1.762   |   0.794   |   2.799
56.  	EIBAR                 |    66.485     |      49.310       |   2.375   |   1.483   |   0.624   |   1.851
57.  	GRANADA               |    66.802     |      47.770       |   2.176   |   1.695   |   0.779   |   2.640
58.  	CRYSTAL PALACE        |    66.234     |      47.250       |   2.139   |   1.668   |   0.780   |   2.601
59.  	OSASUNA               |    65.805     |      47.545       |   2.184   |   1.571   |   0.719   |   2.260
60.  	SASSUOLO              |    65.887     |      45.371       |   1.974   |   1.842   |   0.933   |   3.437
61.  	ATLETICO-MG           |    65.277     |      45.612       |   2.006   |   1.713   |   0.854   |   2.927
62.  	ALAVES                |    64.133     |      46.056       |   2.076   |   1.494   |   0.720   |   2.150
63.  	SAO PAULO             |    64.353     |      45.714       |   2.036   |   1.562   |   0.768   |   2.398
64.  	FIORENTINA            |    63.974     |      45.512       |   2.025   |   1.530   |   0.756   |   2.313
65.  	FULHAM                |    63.793     |      45.429       |   2.021   |   1.514   |   0.749   |   2.267
66.  	BRAGA                 |    64.185     |      44.863       |   1.961   |   1.635   |   0.834   |   2.727
67.  	GREMIO                |    62.701     |      44.592       |   1.966   |   1.452   |   0.738   |   2.144
68.  	LENS                  |    62.887     |      44.057       |   1.915   |   1.537   |   0.803   |   2.469
69.  	WERDER BREMEN         |    62.772     |      43.902       |   1.903   |   1.538   |   0.808   |   2.487
70.  	BURNLEY               |    61.830     |      44.259       |   1.953   |   1.370   |   0.701   |   1.922
71.  	CADIZ                 |    61.196     |      44.152       |   1.957   |   1.299   |   0.664   |   1.725
72.  	NEWCASTLE             |    61.938     |      43.290       |   1.865   |   1.489   |   0.798   |   2.377
73.  	INTERNACIONAL         |    61.063     |      42.925       |   1.847   |   1.408   |   0.762   |   2.147
74.  	UDINESE               |    61.291     |      42.663       |   1.823   |   1.468   |   0.805   |   2.365
75.  	PALMEIRAS             |    60.800     |      42.453       |   1.812   |   1.424   |   0.786   |   2.237
76.  	STRASBOURG            |    61.226     |      41.696       |   1.752   |   1.572   |   0.897   |   2.821
77.  	MONTPELLIER           |    61.514     |      41.348       |   1.727   |   1.659   |   0.961   |   3.189
78.  	VALLADOLID            |    60.085     |      41.970       |   1.782   |   1.380   |   0.774   |   2.136
79.  	HELLAS VERONA         |    59.806     |      41.235       |   1.730   |   1.423   |   0.823   |   2.342
80.  	HUESCA                |    59.604     |      41.360       |   1.741   |   1.382   |   0.794   |   2.194
81.  	SHEFFIELD UNITED      |    59.266     |      41.384       |   1.746   |   1.335   |   0.765   |   2.041
82.  	ST ETIENNE            |    59.439     |      41.074       |   1.721   |   1.391   |   0.808   |   2.249
83.  	BOLOGNA               |    59.506     |      39.863       |   1.641   |   1.543   |   0.941   |   2.903
84.  	ANGERS                |    58.833     |      40.310       |   1.672   |   1.395   |   0.834   |   2.327
85.  	BORDEAUX              |    58.227     |      40.652       |   1.699   |   1.278   |   0.752   |   1.922
86.  	AUGSBURG              |    58.565     |      39.739       |   1.635   |   1.423   |   0.870   |   2.478
87.  	SAMPDORIA             |    58.562     |      38.987       |   1.590   |   1.514   |   0.952   |   2.882
88.  	TORINO                |    58.678     |      38.895       |   1.585   |   1.543   |   0.973   |   3.002
89.  	KOLN                  |    58.009     |      38.896       |   1.585   |   1.446   |   0.912   |   2.637
90.  	REIMS                 |    57.681     |      38.724       |   1.575   |   1.420   |   0.902   |   2.561
91.  	NICE                  |    57.541     |      38.694       |   1.573   |   1.404   |   0.893   |   2.507
92.  	BREST                 |    58.238     |      38.011       |   1.538   |   1.592   |   1.035   |   3.296
93.  	METZ                  |    56.047     |      38.462       |   1.559   |   1.233   |   0.791   |   1.950
94.  	MAINZ                 |    57.040     |      37.445       |   1.505   |   1.487   |   0.988   |   2.937
95.  	ELCHE                 |    55.382     |      37.468       |   1.500   |   1.256   |   0.837   |   2.104
96.  	BENEVENTO             |    55.860     |      36.862       |   1.470   |   1.391   |   0.946   |   2.632
97.  	NANTES                |    54.643     |      36.089       |   1.426   |   1.318   |   0.924   |   2.435
98.  	CAGLIARI              |    55.163     |      35.406       |   1.400   |   1.478   |   1.056   |   3.121
99.  	SPEZIA                |    54.497     |      35.452       |   1.396   |   1.376   |   0.986   |   2.712
100.  	BRAGANTINO            |    54.207     |      35.641       |   1.402   |   1.312   |   0.936   |   2.458
101.  	ARMINIA               |    53.435     |      35.651       |   1.396   |   1.210   |   0.867   |   2.097
102.  	GENOA                 |    53.567     |      34.717       |   1.357   |   1.339   |   0.987   |   2.642
103.  	VITORIA DE GUIMARAES  |    52.901     |      34.744       |   1.351   |   1.245   |   0.922   |   2.297
104.  	CEARA                 |    51.997     |      33.540       |   1.293   |   1.271   |   0.983   |   2.499
105.  	FLUMINENSE            |    51.880     |      33.610       |   1.294   |   1.247   |   0.963   |   2.402
106.  	CORINTHIANS           |    51.653     |      33.579       |   1.290   |   1.221   |   0.946   |   2.309
107.  	SCHALKE 04            |    52.043     |      33.105       |   1.279   |   1.333   |   1.043   |   2.782
108.  	WEST BROM             |    51.386     |      33.098       |   1.269   |   1.244   |   0.980   |   2.438
109.  	PACOS DE FERREIRA     |    51.208     |      33.194       |   1.270   |   1.209   |   0.951   |   2.299
110.  	SANTOS                |    51.218     |      32.851       |   1.259   |   1.252   |   0.995   |   2.492
111.  	ATHLETICO-PR          |    50.365     |      33.222       |   1.260   |   1.098   |   0.872   |   1.915
112.  	LORIENT               |    50.288     |      31.544       |   1.204   |   1.294   |   1.075   |   2.783
113.  	PARMA                 |    49.908     |      31.394       |   1.193   |   1.261   |   1.057   |   2.667
114.  	CROTONE               |    48.895     |      30.801       |   1.160   |   1.201   |   1.035   |   2.486
115.  	RIO AVE               |    48.033     |      30.891       |   1.146   |   1.077   |   0.940   |   2.026
116.  	FORTALEZA             |    47.609     |      31.111       |   1.144   |   1.001   |   0.875   |   1.750
117.  	DIJON                 |    47.118     |      30.293       |   1.112   |   1.034   |   0.930   |   1.923
118.  	BAHIA                 |    47.276     |      28.778       |   1.082   |   1.252   |   1.157   |   2.898
119.  	FAMALICAO             |    44.977     |      27.476       |   1.009   |   1.115   |   1.105   |   2.464
120.  	ATLETICO-GO           |    43.783     |      27.326       |   0.977   |   0.979   |   1.002   |   1.963
121.  	GIL VICENTE           |    43.685     |      27.381       |   0.976   |   0.960   |   0.984   |   1.891
122.  	PORTIMONENSE          |    43.676     |      27.169       |   0.972   |   0.986   |   1.014   |   1.998
123.  	SANTA CLARA           |    43.546     |      26.629       |   0.962   |   1.039   |   1.080   |   2.244
124.  	MARITIMO              |    42.792     |      26.289       |   0.939   |   0.986   |   1.051   |   2.073
125.  	VASCO                 |    42.979     |      25.971       |   0.940   |   1.054   |   1.121   |   2.362
126.  	NIMES                 |    43.292     |      25.705       |   0.946   |   1.136   |   1.200   |   2.726
127.  	BOAVISTA              |    42.474     |      26.134       |   0.928   |   0.966   |   1.041   |   2.011
128.  	MOREIRENSE            |    40.921     |      25.289       |   0.877   |   0.881   |   1.004   |   1.769
129.  	FARENSE               |    41.590     |      24.609       |   0.892   |   1.060   |   1.188   |   2.519
130.  	BOTAFOGO              |    41.406     |      24.421       |   0.886   |   1.062   |   1.199   |   2.547
131.  	GOIAS                 |    40.488     |      23.686       |   0.857   |   1.045   |   1.219   |   2.548
132.  	BELENENSES            |    39.035     |      24.534       |   0.813   |   0.751   |   0.923   |   1.386
133.  	CORITIBA              |    38.471     |      22.798       |   0.795   |   0.902   |   1.135   |   2.048
134.  	SPORT                 |    38.147     |      22.478       |   0.785   |   0.905   |   1.154   |   2.088
135.  	NACIONAL              |    35.356     |      20.136       |   0.704   |   0.882   |   1.252   |   2.208
136.  	TONDELA               |    35.111     |      19.802       |   0.699   |   0.902   |   1.290   |   2.326

============================================================================================================================

#           Club              |  SPI Default  |  SPI Round-Robin  |   Power   |    ATK    |    DEF    |    OFF
1.  	FLAMENGO              |    68.850     |      62.119       |   2.225   |   1.895   |   0.852   |   3.227
2.  	ATLETICO-MG           |    65.277     |      58.533       |   2.006   |   1.713   |   0.854   |   2.927
3.  	SAO PAULO             |    64.353     |      58.004       |   2.036   |   1.562   |   0.768   |   2.398
4.  	GREMIO                |    62.701     |      56.510       |   1.966   |   1.452   |   0.738   |   2.144
5.  	INTERNACIONAL         |    61.063     |      54.795       |   1.847   |   1.408   |   0.762   |   2.147
6.  	PALMEIRAS             |    60.800     |      54.432       |   1.812   |   1.424   |   0.786   |   2.237
7.  	BRAGANTINO            |    54.207     |      47.443       |   1.402   |   1.312   |   0.936   |   2.458
8.  	CEARA                 |    51.997     |      45.171       |   1.293   |   1.271   |   0.983   |   2.499
9.  	FLUMINENSE            |    51.880     |      45.135       |   1.294   |   1.247   |   0.963   |   2.402
10.  	CORINTHIANS           |    51.653     |      44.987       |   1.290   |   1.221   |   0.946   |   2.309
11.  	SANTOS                |    51.218     |      44.393       |   1.259   |   1.252   |   0.995   |   2.492
12.  	ATHLETICO-PR          |    50.365     |      44.064       |   1.260   |   1.098   |   0.872   |   1.915
13.  	FORTALEZA             |    47.609     |      41.469       |   1.144   |   1.001   |   0.875   |   1.750
14.  	BAHIA                 |    47.276     |      40.165       |   1.082   |   1.252   |   1.157   |   2.898
15.  	ATLETICO-GO           |    43.783     |      37.462       |   0.977   |   0.979   |   1.002   |   1.963
16.  	VASCO                 |    42.979     |      36.342       |   0.940   |   1.054   |   1.121   |   2.362
17.  	BOTAFOGO              |    41.406     |      34.682       |   0.886   |   1.062   |   1.199   |   2.547
18.  	GOIAS                 |    40.488     |      33.797       |   0.857   |   1.045   |   1.219   |   2.548
19.  	CORITIBA              |    38.471     |      32.221       |   0.795   |   0.902   |   1.135   |   2.048
20.  	SPORT                 |    38.147     |      31.880       |   0.785   |   0.905   |   1.154   |   2.088

============================================================================================================================

#           Club              |  SPI Default  |  SPI Round-Robin  |   Power   |    ATK    |    DEF    |    OFF
1.  	MANCHESTER CITY       |    93.358     |      74.356       |   8.780   |   3.309   |   0.377   |   2.494
2.  	LIVERPOOL             |    91.158     |      67.479       |   6.294   |   3.230   |   0.513   |   3.315
3.  	CHELSEA               |    86.541     |      59.602       |   4.885   |   2.729   |   0.559   |   3.050
4.  	MANCHESTER UNITED     |    86.404     |      59.069       |   4.773   |   2.745   |   0.575   |   3.158
5.  	TOTTENHAM             |    81.383     |      52.875       |   3.967   |   2.300   |   0.580   |   2.667
6.  	ASTON VILLA           |    79.524     |      49.972       |   3.582   |   2.229   |   0.622   |   2.773
7.  	LEICESTER             |    79.294     |      49.791       |   3.565   |   2.207   |   0.619   |   2.734
8.  	ARSENAL               |    78.341     |      49.578       |   3.577   |   2.082   |   0.582   |   2.424
9.  	SOUTHAMPTON           |    76.595     |      47.371       |   3.313   |   2.001   |   0.604   |   2.418
10.  	WEST HAM              |    76.481     |      46.448       |   3.190   |   2.054   |   0.644   |   2.646
11.  	EVERTON               |    75.641     |      45.237       |   3.057   |   2.031   |   0.664   |   2.699
12.  	WOLVERHAMPTON         |    71.814     |      42.757       |   2.828   |   1.734   |   0.613   |   2.127
13.  	LEEDS                 |    74.724     |      41.560       |   2.681   |   2.200   |   0.820   |   3.609
14.  	BRIGHTON              |    72.203     |      41.402       |   2.679   |   1.879   |   0.701   |   2.634
15.  	CRYSTAL PALACE        |    66.234     |      35.134       |   2.139   |   1.668   |   0.780   |   2.601
16.  	FULHAM                |    63.793     |      33.805       |   2.021   |   1.514   |   0.749   |   2.267
17.  	BURNLEY               |    61.830     |      33.170       |   1.953   |   1.370   |   0.701   |   1.922
18.  	NEWCASTLE             |    61.938     |      31.670       |   1.865   |   1.489   |   0.798   |   2.377
19.  	SHEFFIELD UNITED      |    59.266     |      30.335       |   1.746   |   1.335   |   0.765   |   2.041
20.  	WEST BROM             |    51.386     |      22.513       |   1.269   |   1.244   |   0.980   |   2.438

============================================================================================================================

#           Club              |  SPI Default  |  SPI Round-Robin  |   Power   |    ATK    |    DEF    |    OFF
1.  	BAYERN MUNCHEN        |    92.462     |      75.514       |   6.357   |   3.562   |   0.560   |   3.992
2.  	DORTMUND              |    86.445     |      66.147       |   4.821   |   2.735   |   0.567   |   3.103
3.  	LEIPZIG               |    84.329     |      64.485       |   4.772   |   2.420   |   0.507   |   2.454
4.  	BAYER LEVERKUSEN      |    79.214     |      56.784       |   3.621   |   2.170   |   0.599   |   2.601
5.  	MONCHENGLADBACH       |    77.046     |      52.322       |   3.053   |   2.214   |   0.725   |   3.210
6.  	WOLFSBURG             |    74.044     |      49.951       |   2.876   |   1.956   |   0.680   |   2.661
7.  	EINTRACHT FRANKFURT   |    74.801     |      49.583       |   2.802   |   2.105   |   0.751   |   3.162
8.  	UNION BERLIN          |    71.046     |      46.164       |   2.532   |   1.860   |   0.735   |   2.732
9.  	STUTTGART             |    70.969     |      44.486       |   2.375   |   2.002   |   0.843   |   3.375
10.  	HERTHA BERLIN         |    69.378     |      44.353       |   2.385   |   1.791   |   0.751   |   2.691
11.  	FREIBURG              |    70.222     |      44.255       |   2.364   |   1.916   |   0.810   |   3.105
12.  	HOFFENHEIM            |    68.530     |      41.603       |   2.166   |   1.927   |   0.890   |   3.431
13.  	WERDER BREMEN         |    62.772     |      37.771       |   1.903   |   1.538   |   0.808   |   2.487
14.  	AUGSBURG              |    58.565     |      33.594       |   1.635   |   1.423   |   0.870   |   2.478
15.  	KOLN                  |    58.009     |      32.656       |   1.585   |   1.446   |   0.912   |   2.637
16.  	MAINZ                 |    57.040     |      31.049       |   1.505   |   1.487   |   0.988   |   2.937
17.  	ARMINIA               |    53.435     |      29.812       |   1.396   |   1.210   |   0.867   |   2.097
18.  	SCHALKE 04            |    52.043     |      26.904       |   1.279   |   1.333   |   1.043   |   2.782

============================================================================================================================

#           Club              |  SPI Default  |  SPI Round-Robin  |   Power   |    ATK    |    DEF    |    OFF
1.  	PORTO                 |    75.816     |      71.209       |   2.972   |   2.109   |   0.710   |   2.993
2.  	BENFICA               |    73.736     |      69.216       |   2.830   |   1.951   |   0.689   |   2.690
3.  	SPORTING              |    69.801     |      65.383       |   2.531   |   1.717   |   0.678   |   2.330
4.  	BRAGA                 |    64.185     |      59.425       |   1.961   |   1.635   |   0.834   |   2.727
5.  	VITORIA DE GUIMARAES  |    52.901     |      48.447       |   1.351   |   1.245   |   0.922   |   2.297
6.  	PACOS DE FERREIRA     |    51.208     |      46.788       |   1.270   |   1.209   |   0.951   |   2.299
7.  	RIO AVE               |    48.033     |      43.833       |   1.146   |   1.077   |   0.940   |   2.026
8.  	FAMALICAO             |    44.977     |      40.675       |   1.009   |   1.115   |   1.105   |   2.464
9.  	GIL VICENTE           |    43.685     |      39.685       |   0.976   |   0.960   |   0.984   |   1.891
10.  	PORTIMONENSE          |    43.676     |      39.624       |   0.972   |   0.986   |   1.014   |   1.998
11.  	SANTA CLARA           |    43.546     |      39.390       |   0.962   |   1.039   |   1.080   |   2.244
12.  	MARITIMO              |    42.792     |      38.739       |   0.939   |   0.986   |   1.051   |   2.073
13.  	BOAVISTA              |    42.474     |      38.461       |   0.928   |   0.966   |   1.041   |   2.011
14.  	FARENSE               |    41.590     |      37.418       |   0.892   |   1.060   |   1.188   |   2.519
15.  	MOREIRENSE            |    40.921     |      37.081       |   0.877   |   0.881   |   1.004   |   1.769
16.  	BELENENSES            |    39.035     |      35.469       |   0.813   |   0.751   |   0.923   |   1.386
17.  	NACIONAL              |    35.356     |      31.619       |   0.704   |   0.882   |   1.252   |   2.208
18.  	TONDELA               |    35.111     |      31.356       |   0.699   |   0.902   |   1.290   |   2.326

============================================================================================================================

#           Club              |  SPI Default  |  SPI Round-Robin  |   Power   |    ATK    |    DEF    |    OFF
1.  	BARCELONA             |    92.574     |      71.614       |   6.593   |   3.526   |   0.535   |   3.772
2.  	ATL MADRID            |    87.527     |      65.934       |   6.119   |   2.567   |   0.419   |   2.154
3.  	REAL MADRID           |    87.622     |      64.881       |   5.638   |   2.691   |   0.477   |   2.569
4.  	REAL SOCIEDAD         |    82.214     |      56.908       |   4.254   |   2.299   |   0.540   |   2.486
5.  	SEVILLA               |    80.907     |      56.180       |   4.241   |   2.137   |   0.504   |   2.153
6.  	VILLARREAL            |    81.350     |      55.451       |   4.020   |   2.274   |   0.566   |   2.571
7.  	ATL BILBAO            |    71.299     |      44.505       |   2.765   |   1.718   |   0.621   |   2.134
8.  	CELTA                 |    72.615     |      43.839       |   2.664   |   1.940   |   0.728   |   2.826
9.  	BETIS                 |    72.372     |      43.383       |   2.620   |   1.946   |   0.743   |   2.892
10.  	GETAFE                |    68.101     |      42.725       |   2.613   |   1.487   |   0.569   |   1.691
11.  	EIBAR                 |    66.485     |      40.388       |   2.375   |   1.483   |   0.624   |   1.851
12.  	LEVANTE               |    68.822     |      39.490       |   2.286   |   1.822   |   0.797   |   2.904
13.  	VALENCIA              |    67.749     |      38.654       |   2.219   |   1.762   |   0.794   |   2.799
14.  	OSASUNA               |    65.805     |      38.252       |   2.184   |   1.571   |   0.719   |   2.260
15.  	GRANADA               |    66.802     |      38.120       |   2.176   |   1.695   |   0.779   |   2.640
16.  	ALAVES                |    64.133     |      36.942       |   2.076   |   1.494   |   0.720   |   2.150
17.  	CADIZ                 |    61.196     |      35.619       |   1.957   |   1.299   |   0.664   |   1.725
18.  	VALLADOLID            |    60.085     |      33.113       |   1.782   |   1.380   |   0.774   |   2.136
19.  	HUESCA                |    59.604     |      32.487       |   1.741   |   1.382   |   0.794   |   2.194
20.  	ELCHE                 |    55.382     |      29.004       |   1.500   |   1.256   |   0.837   |   2.104

============================================================================================================================

#           Club              |  SPI Default  |  SPI Round-Robin  |   Power   |    ATK    |    DEF    |    OFF
1.  	ATALANTA              |    83.794     |      67.072       |   3.970   |   2.655   |   0.669   |   3.552
2.  	JUVENTUS              |    82.848     |      66.323       |   3.950   |   2.516   |   0.637   |   3.206
3.  	NAPOLI                |    80.535     |      64.138       |   3.794   |   2.262   |   0.596   |   2.696
4.  	INTER                 |    81.889     |      63.948       |   3.545   |   2.590   |   0.730   |   3.783
5.  	MILAN                 |    80.721     |      62.796       |   3.460   |   2.464   |   0.712   |   3.508
6.  	ROMA                  |    78.242     |      59.700       |   3.154   |   2.307   |   0.732   |   3.376
7.  	LAZIO                 |    70.669     |      51.009       |   2.427   |   1.910   |   0.787   |   3.005
8.  	FIORENTINA            |    63.974     |      44.998       |   2.025   |   1.530   |   0.756   |   2.313
9.  	SASSUOLO              |    65.887     |      44.723       |   1.974   |   1.842   |   0.933   |   3.437
10.  	UDINESE               |    61.291     |      41.979       |   1.823   |   1.468   |   0.805   |   2.365
11.  	HELLAS VERONA         |    59.806     |      40.474       |   1.730   |   1.423   |   0.823   |   2.342
12.  	BOLOGNA               |    59.506     |      38.949       |   1.641   |   1.543   |   0.941   |   2.903
13.  	SAMPDORIA             |    58.562     |      38.028       |   1.590   |   1.514   |   0.952   |   2.882
14.  	TORINO                |    58.678     |      37.916       |   1.585   |   1.543   |   0.973   |   3.002
15.  	BENEVENTO             |    55.860     |      35.825       |   1.470   |   1.391   |   0.946   |   2.632
16.  	SPEZIA                |    54.497     |      34.332       |   1.396   |   1.376   |   0.986   |   2.712
17.  	CAGLIARI              |    55.163     |      34.227       |   1.400   |   1.478   |   1.056   |   3.121
18.  	GENOA                 |    53.567     |      33.571       |   1.357   |   1.339   |   0.987   |   2.642
19.  	PARMA                 |    49.908     |      30.091       |   1.193   |   1.261   |   1.057   |   2.667
20.  	CROTONE               |    48.895     |      29.501       |   1.160   |   1.201   |   1.035   |   2.486

============================================================================================================================

#           Club              |  SPI Default  |  SPI Round-Robin  |   Power   |    ATK    |    DEF    |    OFF
1.  	PSG                   |    86.169     |      73.228       |   4.759   |   2.711   |   0.570   |   3.088
2.  	LYON                  |    79.546     |      64.875       |   3.604   |   2.221   |   0.616   |   2.737
3.  	MONACO                |    74.307     |      57.228       |   2.674   |   2.149   |   0.803   |   3.452
4.  	LILLE                 |    72.030     |      56.919       |   2.839   |   1.751   |   0.617   |   2.160
5.  	MARSEILLE             |    69.329     |      53.495       |   2.489   |   1.697   |   0.682   |   2.314
6.  	RENNES                |    67.857     |      52.185       |   2.396   |   1.609   |   0.672   |   2.162
7.  	LENS                  |    62.887     |      46.142       |   1.915   |   1.537   |   0.803   |   2.469
8.  	STRASBOURG            |    61.226     |      43.741       |   1.752   |   1.572   |   0.897   |   2.821
9.  	MONTPELLIER           |    61.514     |      43.426       |   1.727   |   1.659   |   0.961   |   3.189
10.  	ST ETIENNE            |    59.439     |      43.000       |   1.721   |   1.391   |   0.808   |   2.249
11.  	BORDEAUX              |    58.227     |      42.499       |   1.699   |   1.278   |   0.752   |   1.922
12.  	ANGERS                |    58.833     |      42.218       |   1.672   |   1.395   |   0.834   |   2.327
13.  	REIMS                 |    57.681     |      40.595       |   1.575   |   1.420   |   0.902   |   2.561
14.  	NICE                  |    57.541     |      40.556       |   1.573   |   1.404   |   0.893   |   2.507
15.  	METZ                  |    56.047     |      40.228       |   1.559   |   1.233   |   0.791   |   1.950
16.  	BREST                 |    58.238     |      39.931       |   1.538   |   1.592   |   1.035   |   3.296
17.  	NANTES                |    54.643     |      37.818       |   1.426   |   1.318   |   0.924   |   2.435
18.  	LORIENT               |    50.288     |      33.060       |   1.204   |   1.294   |   1.075   |   2.783
19.  	DIJON                 |    47.118     |      31.679       |   1.112   |   1.034   |   0.930   |   1.923
20.  	NIMES                 |    43.292     |      26.864       |   0.946   |   1.136   |   1.200   |   2.726
