#           Club              |  SPI Default  |  SPI Round-Robin  |   Power   |    ATK    |    DEF    |    OFF
1.  	MANCHESTER CITY       |    93.108     |      82.353       |   8.239   |   3.324   |   0.403   |   2.682
2.  	BAYERN MUNCHEN        |    93.215     |      80.917       |   6.754   |   3.684   |   0.545   |   4.018
3.  	BARCELONA             |    91.548     |      78.257       |   6.167   |   3.363   |   0.545   |   3.668
4.  	LIVERPOOL             |    91.160     |      77.738       |   6.088   |   3.288   |   0.540   |   3.551
5.  	ATL MADRID            |    87.793     |      74.705       |   6.175   |   2.598   |   0.421   |   2.187
6.  	REAL MADRID           |    87.686     |      73.590       |   5.548   |   2.726   |   0.491   |   2.678
7.  	CHELSEA               |    87.106     |      72.294       |   5.144   |   2.742   |   0.533   |   2.923
8.  	PSG                   |    86.404     |      70.437       |   4.612   |   2.807   |   0.609   |   3.417
9.  	DORTMUND              |    85.679     |      69.995       |   4.657   |   2.666   |   0.572   |   3.052
10.  	LEIPZIG               |    85.107     |      69.825       |   4.766   |   2.537   |   0.532   |   2.702
11.  	MANCHESTER UNITED     |    84.796     |      69.057       |   4.558   |   2.561   |   0.562   |   2.878
12.  	REAL SOCIEDAD         |    82.864     |      67.368       |   4.461   |   2.316   |   0.519   |   2.404
13.  	NAPOLI                |    82.674     |      66.610       |   4.240   |   2.368   |   0.558   |   2.645
14.  	TOTTENHAM             |    82.350     |      66.110       |   4.150   |   2.358   |   0.568   |   2.678
15.  	JUVENTUS              |    82.532     |      65.698       |   3.986   |   2.453   |   0.615   |   3.019
16.  	INTER                 |    82.914     |      64.884       |   3.704   |   2.657   |   0.717   |   3.813
17.  	MILAN                 |    82.461     |      64.607       |   3.708   |   2.583   |   0.697   |   3.599
18.  	VILLARREAL            |    80.405     |      63.952       |   3.889   |   2.204   |   0.567   |   2.497
19.  	SEVILLA               |    79.570     |      63.805       |   4.013   |   2.054   |   0.512   |   2.102
20.  	LEICESTER             |    79.781     |      62.430       |   3.587   |   2.260   |   0.630   |   2.848
21.  	ATALANTA              |    80.130     |      61.917       |   3.421   |   2.401   |   0.702   |   3.370
22.  	BAYER LEVERKUSEN      |    79.477     |      62.345       |   3.613   |   2.208   |   0.611   |   2.698
23.  	SOUTHAMPTON           |    79.169     |      61.540       |   3.464   |   2.244   |   0.648   |   2.907
24.  	LYON                  |    78.127     |      61.270       |   3.548   |   2.069   |   0.583   |   2.414
25.  	ROMA                  |    78.781     |      60.209       |   3.229   |   2.331   |   0.722   |   3.366
26.  	WEST HAM              |    77.618     |      59.626       |   3.242   |   2.167   |   0.668   |   2.896
27.  	ARSENAL               |    76.705     |      59.632       |   3.354   |   1.993   |   0.594   |   2.369
28.  	MONCHENGLADBACH       |    76.692     |      57.947       |   3.017   |   2.192   |   0.727   |   3.187
29.  	ASTON VILLA           |    76.154     |      57.853       |   3.050   |   2.100   |   0.689   |   2.891
30.  	EVERTON               |    75.481     |      56.933       |   2.946   |   2.085   |   0.708   |   2.950
31.  	MONACO                |    75.748     |      56.281       |   2.820   |   2.217   |   0.786   |   3.487
32.  	BENFICA               |    74.325     |      55.658       |   2.827   |   2.025   |   0.716   |   2.902
33.  	WOLFSBURG             |    73.891     |      55.401       |   2.818   |   1.978   |   0.702   |   2.777
34.  	WOLVERHAMPTON         |    72.152     |      55.288       |   2.948   |   1.702   |   0.577   |   1.966
35.  	BRIGHTON              |    72.862     |      54.558       |   2.759   |   1.897   |   0.688   |   2.609
36.  	LILLE                 |    72.437     |      54.630       |   2.803   |   1.818   |   0.649   |   2.359
37.  	PORTO                 |    72.874     |      53.969       |   2.668   |   1.968   |   0.738   |   2.904
38.  	EINTRACHT FRANKFURT   |    72.936     |      53.571       |   2.608   |   2.028   |   0.777   |   3.152
39.  	LEEDS                 |    72.569     |      53.280       |   2.589   |   1.997   |   0.771   |   3.081
40.  	HERTHA BERLIN         |    71.955     |      52.953       |   2.579   |   1.929   |   0.748   |   2.887
41.  	CELTA                 |    71.729     |      52.924       |   2.588   |   1.894   |   0.732   |   2.772
42.  	ATL BILBAO            |    70.886     |      53.274       |   2.696   |   1.718   |   0.637   |   2.190
43.  	MARSEILLE             |    70.113     |      51.972       |   2.548   |   1.739   |   0.682   |   2.373
44.  	BETIS                 |    70.187     |      50.947       |   2.408   |   1.868   |   0.776   |   2.897
45.  	UNION BERLIN          |    69.976     |      51.047       |   2.430   |   1.821   |   0.749   |   2.729
46.  	HOFFENHEIM            |    70.671     |      50.284       |   2.313   |   2.033   |   0.879   |   3.574
47.  	FLAMENGO              |    70.029     |      50.230       |   2.331   |   1.927   |   0.827   |   3.188
48.  	STUTTGART             |    70.142     |      50.087       |   2.311   |   1.965   |   0.850   |   3.341
49.  	SPORTING              |    68.619     |      49.905       |   2.350   |   1.735   |   0.738   |   2.561
50.  	LAZIO                 |    68.865     |      49.172       |   2.257   |   1.860   |   0.824   |   3.067
51.  	GETAFE                |    67.027     |      50.404       |   2.501   |   1.452   |   0.580   |   1.685
52.  	LEVANTE               |    68.013     |      49.033       |   2.272   |   1.739   |   0.765   |   2.662
53.  	GRANADA               |    68.126     |      48.844       |   2.247   |   1.779   |   0.792   |   2.816
54.  	CRYSTAL PALACE        |    67.788     |      48.891       |   2.264   |   1.720   |   0.760   |   2.613
55.  	OSASUNA               |    67.038     |      48.728       |   2.274   |   1.624   |   0.714   |   2.321
56.  	VALENCIA              |    67.621     |      48.202       |   2.195   |   1.774   |   0.808   |   2.866
57.  	EIBAR                 |    66.144     |      49.256       |   2.382   |   1.444   |   0.606   |   1.750
58.  	RENNES                |    66.494     |      48.336       |   2.249   |   1.587   |   0.706   |   2.239
59.  	SASSUOLO              |    66.819     |      46.721       |   2.072   |   1.823   |   0.880   |   3.208
60.  	ATLETICO-MG           |    65.683     |      46.008       |   2.033   |   1.728   |   0.850   |   2.938
61.  	NEWCASTLE             |    65.008     |      46.303       |   2.077   |   1.592   |   0.766   |   2.440
62.  	ALAVES                |    64.223     |      46.504       |   2.120   |   1.459   |   0.688   |   2.009
63.  	GREMIO                |    64.513     |      46.293       |   2.089   |   1.522   |   0.728   |   2.217
64.  	CADIZ                 |    63.666     |      46.708       |   2.163   |   1.365   |   0.631   |   1.723
65.  	SAO PAULO             |    64.215     |      45.773       |   2.045   |   1.536   |   0.751   |   2.306
66.  	KOLN                  |    64.200     |      44.709       |   1.949   |   1.654   |   0.849   |   2.808
67.  	FREIBURG              |    64.375     |      44.542       |   1.932   |   1.701   |   0.881   |   2.996
68.  	MONTPELLIER           |    64.094     |      44.090       |   1.900   |   1.713   |   0.901   |   3.087
69.  	WERDER BREMEN         |    63.459     |      44.186       |   1.917   |   1.604   |   0.837   |   2.685
70.  	HUESCA                |    62.791     |      44.411       |   1.949   |   1.483   |   0.761   |   2.257
71.  	FULHAM                |    62.939     |      43.897       |   1.901   |   1.561   |   0.821   |   2.563
72.  	BRAGA                 |    63.054     |      43.784       |   1.891   |   1.591   |   0.842   |   2.678
73.  	PALMEIRAS             |    62.461     |      43.912       |   1.911   |   1.491   |   0.781   |   2.328
74.  	LENS                  |    62.681     |      43.582       |   1.880   |   1.560   |   0.830   |   2.589
75.  	BURNLEY               |    61.722     |      43.713       |   1.906   |   1.411   |   0.740   |   2.090
76.  	VALLADOLID            |    61.344     |      42.832       |   1.837   |   1.455   |   0.792   |   2.303
77.  	FIORENTINA            |    61.560     |      42.510       |   1.810   |   1.521   |   0.840   |   2.557
78.  	HELLAS VERONA         |    60.965     |      42.093       |   1.785   |   1.484   |   0.832   |   2.469
79.  	SHEFFIELD UNITED      |    60.314     |      42.209       |   1.800   |   1.382   |   0.768   |   2.123
80.  	UDINESE               |    60.090     |      41.626       |   1.758   |   1.415   |   0.805   |   2.279
81.  	INTERNACIONAL         |    59.828     |      41.595       |   1.758   |   1.383   |   0.787   |   2.177
82.  	BORDEAUX              |    59.169     |      41.639       |   1.768   |   1.293   |   0.731   |   1.891
83.  	BOLOGNA               |    60.485     |      40.565       |   1.684   |   1.596   |   0.948   |   3.027
84.  	ANGERS                |    59.481     |      40.587       |   1.689   |   1.448   |   0.857   |   2.483
85.  	STRASBOURG            |    59.837     |      40.101       |   1.657   |   1.557   |   0.940   |   2.927
86.  	AUGSBURG              |    59.354     |      40.273       |   1.669   |   1.467   |   0.879   |   2.578
87.  	NICE                  |    58.831     |      40.164       |   1.664   |   1.407   |   0.845   |   2.378
88.  	SAMPDORIA             |    58.818     |      39.396       |   1.617   |   1.495   |   0.925   |   2.765
89.  	TORINO                |    58.526     |      38.044       |   1.543   |   1.624   |   1.052   |   3.417
90.  	MAINZ                 |    58.139     |      37.965       |   1.538   |   1.575   |   1.024   |   3.226
91.  	ST ETIENNE            |    56.605     |      38.821       |   1.584   |   1.261   |   0.796   |   2.008
92.  	CAGLIARI              |    57.349     |      37.442       |   1.509   |   1.525   |   1.011   |   3.082
93.  	BREST                 |    56.959     |      36.743       |   1.474   |   1.558   |   1.057   |   3.295
94.  	ELCHE                 |    55.261     |      37.751       |   1.518   |   1.205   |   0.794   |   1.914
95.  	REIMS                 |    55.705     |      36.930       |   1.476   |   1.355   |   0.918   |   2.487
96.  	WEST BROM             |    54.762     |      36.088       |   1.429   |   1.327   |   0.928   |   2.462
97.  	NANTES                |    54.753     |      35.972       |   1.424   |   1.339   |   0.940   |   2.519
98.  	METZ                  |    54.321     |      36.226       |   1.433   |   1.252   |   0.874   |   2.189
99.  	PARMA                 |    54.962     |      35.590       |   1.409   |   1.415   |   1.005   |   2.845
100.  	FLUMINENSE            |    53.448     |      35.323       |   1.384   |   1.242   |   0.897   |   2.229
101.  	BENEVENTO             |    53.726     |      34.734       |   1.362   |   1.350   |   0.991   |   2.676
102.  	ARMINIA               |    53.296     |      34.817       |   1.361   |   1.281   |   0.942   |   2.412
103.  	SPEZIA                |    53.345     |      34.232       |   1.338   |   1.360   |   1.017   |   2.765
104.  	SCHALKE 04            |    53.535     |      34.080       |   1.334   |   1.407   |   1.054   |   2.967
105.  	BRAGANTINO            |    52.820     |      34.503       |   1.343   |   1.255   |   0.935   |   2.347
106.  	GENOA                 |    52.485     |      33.325       |   1.295   |   1.356   |   1.048   |   2.842
107.  	VITORIA DE GUIMARAES  |    51.354     |      33.895       |   1.301   |   1.138   |   0.874   |   1.989
108.  	RIO AVE               |    50.939     |      33.676       |   1.287   |   1.111   |   0.863   |   1.917
109.  	SANTOS                |    51.504     |      32.827       |   1.265   |   1.284   |   1.015   |   2.608
110.  	CEARA                 |    50.766     |      32.228       |   1.234   |   1.260   |   1.020   |   2.570
111.  	ATHLETICO-PR          |    49.944     |      32.733       |   1.238   |   1.093   |   0.883   |   1.930
112.  	CORINTHIANS           |    49.584     |      31.880       |   1.205   |   1.146   |   0.951   |   2.181
113.  	LORIENT               |    50.130     |      31.524       |   1.203   |   1.263   |   1.050   |   2.652
114.  	FORTALEZA             |    48.959     |      31.945       |   1.196   |   1.061   |   0.887   |   1.883
115.  	PACOS DE FERREIRA     |    49.561     |      31.475       |   1.192   |   1.193   |   1.000   |   2.386
116.  	CROTONE               |    49.128     |      30.993       |   1.171   |   1.196   |   1.021   |   2.442
117.  	DIJON                 |    47.809     |      30.294       |   1.128   |   1.110   |   0.984   |   2.186
118.  	FAMALICAO             |    47.407     |      29.009       |   1.092   |   1.223   |   1.121   |   2.743
119.  	NIMES                 |    46.588     |      28.656       |   1.067   |   1.159   |   1.086   |   2.517
120.  	SANTA CLARA           |    45.836     |      28.372       |   1.045   |   1.096   |   1.048   |   2.299
121.  	BAHIA                 |    46.195     |      27.944       |   1.046   |   1.203   |   1.150   |   2.766
122.  	GIL VICENTE           |    44.296     |      27.393       |   0.993   |   1.023   |   1.030   |   2.108
123.  	ATLETICO-GO           |    43.302     |      26.747       |   0.959   |   0.979   |   1.021   |   1.999
124.  	BOAVISTA              |    42.603     |      26.076       |   0.932   |   0.976   |   1.047   |   2.043
125.  	PORTIMONENSE          |    42.511     |      25.904       |   0.928   |   0.987   |   1.063   |   2.097
126.  	BOTAFOGO              |    42.746     |      25.558       |   0.932   |   1.064   |   1.143   |   2.432
127.  	VASCO                 |    42.580     |      25.441       |   0.926   |   1.058   |   1.143   |   2.418
128.  	FARENSE               |    42.443     |      25.014       |   0.919   |   1.101   |   1.198   |   2.638
129.  	BELENENSES            |    40.805     |      25.618       |   0.876   |   0.816   |   0.931   |   1.519
130.  	MOREIRENSE            |    40.681     |      24.727       |   0.867   |   0.908   |   1.047   |   1.902
131.  	MARITIMO              |    40.261     |      23.914       |   0.851   |   0.963   |   1.131   |   2.178
132.  	GOIAS                 |    39.503     |      22.790       |   0.827   |   1.025   |   1.239   |   2.539
133.  	CORITIBA              |    38.882     |      22.950       |   0.807   |   0.917   |   1.136   |   2.083
134.  	SPORT                 |    37.446     |      21.643       |   0.764   |   0.915   |   1.198   |   2.193
135.  	NACIONAL              |    37.435     |      21.439       |   0.765   |   0.945   |   1.235   |   2.334
136.  	TONDELA               |    37.470     |      21.141       |   0.768   |   0.997   |   1.299   |   2.591

============================================================================================================================

#           Club              |  SPI Default  |  SPI Round-Robin  |   Power   |    ATK    |    DEF    |    OFF
1.  	FLAMENGO              |    70.029     |      63.400       |   2.331   |   1.927   |   0.827   |   3.188
2.  	ATLETICO-MG           |    65.683     |      58.950       |   2.033   |   1.728   |   0.850   |   2.938
3.  	GREMIO                |    64.513     |      58.344       |   2.089   |   1.522   |   0.728   |   2.217
4.  	SAO PAULO             |    64.215     |      57.944       |   2.045   |   1.536   |   0.751   |   2.306
5.  	PALMEIRAS             |    62.461     |      56.083       |   1.911   |   1.491   |   0.781   |   2.328
6.  	INTERNACIONAL         |    59.828     |      53.487       |   1.758   |   1.383   |   0.787   |   2.177
7.  	FLUMINENSE            |    53.448     |      46.896       |   1.384   |   1.242   |   0.897   |   2.229
8.  	BRAGANTINO            |    52.820     |      46.155       |   1.343   |   1.255   |   0.935   |   2.347
9.  	SANTOS                |    51.504     |      44.613       |   1.265   |   1.284   |   1.015   |   2.608
10.  	CEARA                 |    50.766     |      43.903       |   1.234   |   1.260   |   1.020   |   2.570
11.  	ATHLETICO-PR          |    49.944     |      43.648       |   1.238   |   1.093   |   0.883   |   1.930
12.  	CORINTHIANS           |    49.584     |      43.048       |   1.205   |   1.146   |   0.951   |   2.181
13.  	FORTALEZA             |    48.959     |      42.708       |   1.196   |   1.061   |   0.887   |   1.883
14.  	BAHIA                 |    46.195     |      39.231       |   1.046   |   1.203   |   1.150   |   2.766
15.  	ATLETICO-GO           |    43.302     |      36.991       |   0.959   |   0.979   |   1.021   |   1.999
16.  	BOTAFOGO              |    42.746     |      36.102       |   0.932   |   1.064   |   1.143   |   2.432
17.  	VASCO                 |    42.580     |      35.950       |   0.926   |   1.058   |   1.143   |   2.418
18.  	GOIAS                 |    39.503     |      32.903       |   0.827   |   1.025   |   1.239   |   2.539
19.  	CORITIBA              |    38.882     |      32.630       |   0.807   |   0.917   |   1.136   |   2.083
20.  	SPORT                 |    37.446     |      31.174       |   0.764   |   0.915   |   1.198   |   2.193

============================================================================================================================

#           Club              |  SPI Default  |  SPI Round-Robin  |   Power   |    ATK    |    DEF    |    OFF
1.  	MANCHESTER CITY       |    93.108     |      73.563       |   8.239   |   3.324   |   0.403   |   2.682
2.  	LIVERPOOL             |    91.160     |      67.154       |   6.088   |   3.288   |   0.540   |   3.551
3.  	CHELSEA               |    87.106     |      61.086       |   5.144   |   2.742   |   0.533   |   2.923
4.  	MANCHESTER UNITED     |    84.796     |      57.411       |   4.558   |   2.561   |   0.562   |   2.878
5.  	TOTTENHAM             |    82.350     |      54.320       |   4.150   |   2.358   |   0.568   |   2.678
6.  	LEICESTER             |    79.781     |      50.141       |   3.587   |   2.260   |   0.630   |   2.848
7.  	SOUTHAMPTON           |    79.169     |      49.128       |   3.464   |   2.244   |   0.648   |   2.907
8.  	ARSENAL               |    76.705     |      47.719       |   3.354   |   1.993   |   0.594   |   2.369
9.  	WEST HAM              |    77.618     |      47.115       |   3.242   |   2.167   |   0.668   |   2.896
10.  	ASTON VILLA           |    76.154     |      45.270       |   3.050   |   2.100   |   0.689   |   2.891
11.  	EVERTON               |    75.481     |      44.259       |   2.946   |   2.085   |   0.708   |   2.950
12.  	WOLVERHAMPTON         |    72.152     |      43.788       |   2.948   |   1.702   |   0.577   |   1.966
13.  	BRIGHTON              |    72.862     |      42.210       |   2.759   |   1.897   |   0.688   |   2.609
14.  	LEEDS                 |    72.569     |      40.419       |   2.589   |   1.997   |   0.771   |   3.081
15.  	CRYSTAL PALACE        |    67.788     |      36.599       |   2.264   |   1.720   |   0.760   |   2.613
16.  	NEWCASTLE             |    65.008     |      34.319       |   2.077   |   1.592   |   0.766   |   2.440
17.  	BURNLEY               |    61.722     |      32.320       |   1.906   |   1.411   |   0.740   |   2.090
18.  	FULHAM                |    62.939     |      31.905       |   1.901   |   1.561   |   0.821   |   2.563
19.  	SHEFFIELD UNITED      |    60.314     |      30.876       |   1.800   |   1.382   |   0.768   |   2.123
20.  	WEST BROM             |    54.762     |      24.940       |   1.429   |   1.327   |   0.928   |   2.462

============================================================================================================================

#           Club              |  SPI Default  |  SPI Round-Robin  |   Power   |    ATK    |    DEF    |    OFF
1.  	BAYERN MUNCHEN        |    93.215     |      77.383       |   6.754   |   3.684   |   0.545   |   4.018
2.  	DORTMUND              |    85.679     |      65.249       |   4.657   |   2.666   |   0.572   |   3.052
3.  	LEIPZIG               |    85.107     |      65.217       |   4.766   |   2.537   |   0.532   |   2.702
4.  	BAYER LEVERKUSEN      |    79.477     |      57.021       |   3.613   |   2.208   |   0.611   |   2.698
5.  	MONCHENGLADBACH       |    76.692     |      52.024       |   3.017   |   2.192   |   0.727   |   3.187
6.  	WOLFSBURG             |    73.891     |      49.526       |   2.818   |   1.978   |   0.702   |   2.777
7.  	EINTRACHT FRANKFURT   |    72.936     |      47.385       |   2.608   |   2.028   |   0.777   |   3.152
8.  	HERTHA BERLIN         |    71.955     |      46.876       |   2.579   |   1.929   |   0.748   |   2.887
9.  	UNION BERLIN          |    69.976     |      44.967       |   2.430   |   1.821   |   0.749   |   2.729
10.  	HOFFENHEIM            |    70.671     |      43.723       |   2.313   |   2.033   |   0.879   |   3.574
11.  	STUTTGART             |    70.142     |      43.630       |   2.311   |   1.965   |   0.850   |   3.341
12.  	KOLN                  |    64.200     |      38.365       |   1.949   |   1.654   |   0.849   |   2.808
13.  	FREIBURG              |    64.375     |      38.087       |   1.932   |   1.701   |   0.881   |   2.996
14.  	WERDER BREMEN         |    63.459     |      37.906       |   1.917   |   1.604   |   0.837   |   2.685
15.  	AUGSBURG              |    59.354     |      34.013       |   1.669   |   1.467   |   0.879   |   2.578
16.  	MAINZ                 |    58.139     |      31.343       |   1.538   |   1.575   |   1.024   |   3.226
17.  	ARMINIA               |    53.296     |      28.703       |   1.361   |   1.281   |   0.942   |   2.412
18.  	SCHALKE 04            |    53.535     |      27.660       |   1.334   |   1.407   |   1.054   |   2.967

============================================================================================================================

#           Club              |  SPI Default  |  SPI Round-Robin  |   Power   |    ATK    |    DEF    |    OFF
1.  	BENFICA               |    74.325     |      69.965       |   2.827   |   2.025   |   0.716   |   2.902
2.  	PORTO                 |    72.874     |      68.438       |   2.668   |   1.968   |   0.738   |   2.904
3.  	SPORTING              |    68.619     |      64.214       |   2.350   |   1.735   |   0.738   |   2.561
4.  	BRAGA                 |    63.054     |      58.422       |   1.891   |   1.591   |   0.842   |   2.678
5.  	VITORIA DE GUIMARAES  |    51.354     |      47.056       |   1.301   |   1.138   |   0.874   |   1.989
6.  	RIO AVE               |    50.939     |      46.690       |   1.287   |   1.111   |   0.863   |   1.917
7.  	PACOS DE FERREIRA     |    49.561     |      45.044       |   1.192   |   1.193   |   1.000   |   2.386
8.  	FAMALICAO             |    47.407     |      42.757       |   1.092   |   1.223   |   1.121   |   2.743
9.  	SANTA CLARA           |    45.836     |      41.423       |   1.045   |   1.096   |   1.048   |   2.299
10.  	GIL VICENTE           |    44.296     |      40.011       |   0.993   |   1.023   |   1.030   |   2.108
11.  	BOAVISTA              |    42.603     |      38.389       |   0.932   |   0.976   |   1.047   |   2.043
12.  	PORTIMONENSE          |    42.511     |      38.273       |   0.928   |   0.987   |   1.063   |   2.097
13.  	FARENSE               |    42.443     |      37.972       |   0.919   |   1.101   |   1.198   |   2.638
14.  	BELENENSES            |    40.805     |      36.930       |   0.876   |   0.816   |   0.931   |   1.519
15.  	MOREIRENSE            |    40.681     |      36.589       |   0.867   |   0.908   |   1.047   |   1.902
16.  	MARITIMO              |    40.261     |      36.050       |   0.851   |   0.963   |   1.131   |   2.178
17.  	NACIONAL              |    37.435     |      33.269       |   0.765   |   0.945   |   1.235   |   2.334
18.  	TONDELA               |    37.470     |      33.214       |   0.768   |   0.997   |   1.299   |   2.591

============================================================================================================================

#           Club              |  SPI Default  |  SPI Round-Robin  |   Power   |    ATK    |    DEF    |    OFF
1.  	BARCELONA             |    91.548     |      69.594       |   6.167   |   3.363   |   0.545   |   3.668
2.  	ATL MADRID            |    87.793     |      66.241       |   6.175   |   2.598   |   0.421   |   2.187
3.  	REAL MADRID           |    87.686     |      64.669       |   5.548   |   2.726   |   0.491   |   2.678
4.  	REAL SOCIEDAD         |    82.864     |      58.035       |   4.461   |   2.316   |   0.519   |   2.404
5.  	SEVILLA               |    79.570     |      54.527       |   4.013   |   2.054   |   0.512   |   2.102
6.  	VILLARREAL            |    80.405     |      54.342       |   3.889   |   2.204   |   0.567   |   2.497
7.  	ATL BILBAO            |    70.886     |      43.783       |   2.696   |   1.718   |   0.637   |   2.190
8.  	CELTA                 |    71.729     |      42.915       |   2.588   |   1.894   |   0.732   |   2.772
9.  	GETAFE                |    67.027     |      41.551       |   2.501   |   1.452   |   0.580   |   1.685
10.  	BETIS                 |    70.187     |      40.879       |   2.408   |   1.868   |   0.776   |   2.897
11.  	EIBAR                 |    66.144     |      40.364       |   2.382   |   1.444   |   0.606   |   1.750
12.  	OSASUNA               |    67.038     |      39.236       |   2.274   |   1.624   |   0.714   |   2.321
13.  	LEVANTE               |    68.013     |      39.219       |   2.272   |   1.739   |   0.765   |   2.662
14.  	GRANADA               |    68.126     |      38.908       |   2.247   |   1.779   |   0.792   |   2.816
15.  	VALENCIA              |    67.621     |      38.251       |   2.195   |   1.774   |   0.808   |   2.866
16.  	CADIZ                 |    63.666     |      37.963       |   2.163   |   1.365   |   0.631   |   1.723
17.  	ALAVES                |    64.223     |      37.435       |   2.120   |   1.459   |   0.688   |   2.009
18.  	HUESCA                |    62.791     |      35.201       |   1.949   |   1.483   |   0.761   |   2.257
19.  	VALLADOLID            |    61.344     |      33.681       |   1.837   |   1.455   |   0.792   |   2.303
20.  	ELCHE                 |    55.261     |      29.417       |   1.518   |   1.205   |   0.794   |   1.914

============================================================================================================================

#           Club              |  SPI Default  |  SPI Round-Robin  |   Power   |    ATK    |    DEF    |    OFF
1.  	NAPOLI                |    82.674     |      67.234       |   4.240   |   2.368   |   0.558   |   2.645
2.  	JUVENTUS              |    82.532     |      66.266       |   3.986   |   2.453   |   0.615   |   3.019
3.  	INTER                 |    82.914     |      65.390       |   3.704   |   2.657   |   0.717   |   3.813
4.  	MILAN                 |    82.461     |      65.102       |   3.708   |   2.583   |   0.697   |   3.599
5.  	ATALANTA              |    80.130     |      62.267       |   3.421   |   2.401   |   0.702   |   3.370
6.  	ROMA                  |    78.781     |      60.460       |   3.229   |   2.331   |   0.722   |   3.366
7.  	LAZIO                 |    68.865     |      48.787       |   2.257   |   1.860   |   0.824   |   3.067
8.  	SASSUOLO              |    66.819     |      46.179       |   2.072   |   1.823   |   0.880   |   3.208
9.  	FIORENTINA            |    61.560     |      41.800       |   1.810   |   1.521   |   0.840   |   2.557
10.  	HELLAS VERONA         |    60.965     |      41.372       |   1.785   |   1.484   |   0.832   |   2.469
11.  	UDINESE               |    60.090     |      40.906       |   1.758   |   1.415   |   0.805   |   2.279
12.  	BOLOGNA               |    60.485     |      39.694       |   1.684   |   1.596   |   0.948   |   3.027
13.  	SAMPDORIA             |    58.818     |      38.493       |   1.617   |   1.495   |   0.925   |   2.765
14.  	TORINO                |    58.526     |      36.995       |   1.543   |   1.624   |   1.052   |   3.417
15.  	CAGLIARI              |    57.349     |      36.399       |   1.509   |   1.525   |   1.011   |   3.082
16.  	PARMA                 |    54.962     |      34.485       |   1.409   |   1.415   |   1.005   |   2.845
17.  	BENEVENTO             |    53.726     |      33.611       |   1.362   |   1.350   |   0.991   |   2.676
18.  	SPEZIA                |    53.345     |      33.074       |   1.338   |   1.360   |   1.017   |   2.765
19.  	GENOA                 |    52.485     |      32.114       |   1.295   |   1.356   |   1.048   |   2.842
20.  	CROTONE               |    49.128     |      29.740       |   1.171   |   1.196   |   1.021   |   2.442

============================================================================================================================

#           Club              |  SPI Default  |  SPI Round-Robin  |   Power   |    ATK    |    DEF    |    OFF
1.  	PSG                   |    86.404     |      73.292       |   4.612   |   2.807   |   0.609   |   3.417
2.  	LYON                  |    78.127     |      63.828       |   3.548   |   2.069   |   0.583   |   2.414
3.  	MONACO                |    75.748     |      59.042       |   2.820   |   2.217   |   0.786   |   3.487
4.  	LILLE                 |    72.437     |      57.072       |   2.803   |   1.818   |   0.649   |   2.359
5.  	MARSEILLE             |    70.113     |      54.358       |   2.548   |   1.739   |   0.682   |   2.373
6.  	RENNES                |    66.494     |      50.589       |   2.249   |   1.587   |   0.706   |   2.239
7.  	MONTPELLIER           |    64.094     |      46.371       |   1.900   |   1.713   |   0.901   |   3.087
8.  	LENS                  |    62.681     |      45.754       |   1.880   |   1.560   |   0.830   |   2.589
9.  	BORDEAUX              |    59.169     |      43.592       |   1.768   |   1.293   |   0.731   |   1.891
10.  	ANGERS                |    59.481     |      42.620       |   1.689   |   1.448   |   0.857   |   2.483
11.  	STRASBOURG            |    59.837     |      42.183       |   1.657   |   1.557   |   0.940   |   2.927
12.  	NICE                  |    58.831     |      42.161       |   1.664   |   1.407   |   0.845   |   2.378
13.  	ST ETIENNE            |    56.605     |      40.695       |   1.584   |   1.261   |   0.796   |   2.008
14.  	REIMS                 |    55.705     |      38.803       |   1.476   |   1.355   |   0.918   |   2.487
15.  	BREST                 |    56.959     |      38.704       |   1.474   |   1.558   |   1.057   |   3.295
16.  	METZ                  |    54.321     |      38.023       |   1.433   |   1.252   |   0.874   |   2.189
17.  	NANTES                |    54.753     |      37.804       |   1.424   |   1.339   |   0.940   |   2.519
18.  	LORIENT               |    50.130     |      33.142       |   1.203   |   1.263   |   1.050   |   2.652
19.  	DIJON                 |    47.809     |      31.806       |   1.128   |   1.110   |   0.984   |   2.186
20.  	NIMES                 |    46.588     |      30.105       |   1.067   |   1.159   |   1.086   |   2.517
