#           Club              |  SPI Default  |  SPI Round-Robin  |   Power   |    ATK    |    DEF    |    OFF
1.  	MANCHESTER CITY       |    95.170     |      85.787       |   9.159   |   3.883   |   0.424   |   3.293
2.  	BAYERN MUNCHEN        |    94.641     |      84.127       |   7.940   |   3.912   |   0.493   |   3.855
3.  	LIVERPOOL             |    91.951     |      79.320       |   6.527   |   3.369   |   0.516   |   3.478
4.  	BARCELONA             |    91.160     |      78.028       |   6.202   |   3.255   |   0.525   |   3.417
5.  	REAL MADRID           |    90.679     |      78.305       |   6.761   |   3.012   |   0.445   |   2.683
6.  	CHELSEA               |    87.549     |      72.692       |   5.114   |   2.830   |   0.553   |   3.132
7.  	MANCHESTER UNITED     |    86.493     |      71.963       |   5.190   |   2.625   |   0.506   |   2.656
8.  	ATL MADRID            |    85.791     |      71.614       |   5.308   |   2.484   |   0.468   |   2.325
9.  	PSG                   |    84.422     |      67.878       |   4.218   |   2.639   |   0.626   |   3.302
10.  	DORTMUND              |    84.243     |      67.911       |   4.271   |   2.587   |   0.606   |   3.134
11.  	JUVENTUS              |    84.264     |      67.573       |   4.159   |   2.640   |   0.635   |   3.352
12.  	LEIPZIG               |    83.518     |      67.153       |   4.196   |   2.507   |   0.598   |   2.997
13.  	ARSENAL               |    82.744     |      66.470       |   4.154   |   2.411   |   0.580   |   2.799
14.  	INTER                 |    83.053     |      65.864       |   3.909   |   2.568   |   0.657   |   3.374
15.  	SEVILLA               |    79.723     |      63.542       |   3.884   |   2.120   |   0.546   |   2.316
16.  	VILLARREAL            |    79.467     |      61.931       |   3.498   |   2.265   |   0.647   |   2.933
17.  	TOTTENHAM             |    78.746     |      61.878       |   3.594   |   2.124   |   0.591   |   2.510
18.  	LEICESTER             |    78.718     |      61.564       |   3.519   |   2.156   |   0.613   |   2.642
19.  	ATALANTA              |    78.952     |      60.855       |   3.327   |   2.293   |   0.689   |   3.161
20.  	MILAN                 |    79.289     |      60.532       |   3.223   |   2.408   |   0.747   |   3.600
21.  	NAPOLI                |    78.197     |      60.417       |   3.327   |   2.192   |   0.659   |   2.888
22.  	BAYER LEVERKUSEN      |    77.652     |      59.576       |   3.216   |   2.187   |   0.680   |   2.974
23.  	LYON                  |    76.629     |      59.471       |   3.317   |   2.003   |   0.604   |   2.419
24.  	MONCHENGLADBACH       |    77.221     |      58.957       |   3.141   |   2.178   |   0.693   |   3.021
25.  	BENFICA               |    76.312     |      58.336       |   3.116   |   2.077   |   0.667   |   2.770
26.  	WOLVERHAMPTON         |    74.921     |      58.414       |   3.297   |   1.821   |   0.552   |   2.012
27.  	PORTO                 |    75.181     |      57.552       |   3.081   |   1.962   |   0.637   |   2.499
28.  	EVERTON               |    74.781     |      57.407       |   3.094   |   1.908   |   0.617   |   2.353
29.  	REAL SOCIEDAD         |    74.555     |      56.910       |   3.019   |   1.925   |   0.637   |   2.454
30.  	SOUTHAMPTON           |    72.752     |      54.661       |   2.778   |   1.871   |   0.673   |   2.519
31.  	WOLFSBURG             |    72.916     |      54.408       |   2.726   |   1.928   |   0.707   |   2.727
32.  	ROMA                  |    73.392     |      53.736       |   2.599   |   2.096   |   0.806   |   3.379
33.  	LAZIO                 |    72.879     |      53.669       |   2.620   |   2.010   |   0.767   |   3.083
34.  	BETIS                 |    71.888     |      53.532       |   2.663   |   1.854   |   0.696   |   2.582
35.  	GETAFE                |    70.313     |      53.602       |   2.794   |   1.600   |   0.573   |   1.832
36.  	EINTRACHT FRANKFURT   |    71.359     |      51.854       |   2.462   |   1.962   |   0.797   |   3.127
37.  	VALENCIA              |    70.894     |      51.867       |   2.487   |   1.881   |   0.756   |   2.844
38.  	GRANADA               |    70.329     |      52.184       |   2.562   |   1.752   |   0.684   |   2.396
39.  	ATL BILBAO            |    69.796     |      52.000       |   2.568   |   1.689   |   0.658   |   2.221
40.  	OSASUNA               |    69.909     |      51.647       |   2.510   |   1.745   |   0.695   |   2.425
41.  	HOFFENHEIM            |    70.631     |      50.740       |   2.362   |   1.972   |   0.835   |   3.292
42.  	WEST HAM              |    70.155     |      50.934       |   2.405   |   1.867   |   0.776   |   2.897
43.  	HERTHA BERLIN         |    69.694     |      50.405       |   2.362   |   1.852   |   0.784   |   2.906
44.  	MARSEILLE             |    69.089     |      50.533       |   2.405   |   1.740   |   0.724   |   2.518
45.  	RENNES                |    68.915     |      50.496       |   2.408   |   1.717   |   0.713   |   2.447
46.  	CELTA                 |    68.563     |      50.442       |   2.418   |   1.668   |   0.690   |   2.302
47.  	BRIGHTON              |    68.812     |      50.245       |   2.381   |   1.728   |   0.726   |   2.509
48.  	LEEDS                 |    68.570     |      49.605       |   2.314   |   1.763   |   0.762   |   2.686
49.  	FLAMENGO              |    68.337     |      49.388       |   2.298   |   1.751   |   0.762   |   2.668
50.  	MONACO                |    68.720     |      49.058       |   2.248   |   1.852   |   0.824   |   3.052
51.  	LILLE                 |    67.507     |      49.706       |   2.374   |   1.590   |   0.670   |   2.130
52.  	FIORENTINA            |    67.534     |      48.548       |   2.234   |   1.721   |   0.771   |   2.652
53.  	SHEFFIELD UNITED      |    66.918     |      48.830       |   2.290   |   1.597   |   0.697   |   2.227
54.  	NEWCASTLE             |    66.848     |      48.087       |   2.207   |   1.668   |   0.756   |   2.520
55.  	BURNLEY               |    66.388     |      48.136       |   2.229   |   1.594   |   0.715   |   2.279
56.  	EIBAR                 |    65.993     |      48.175       |   2.248   |   1.533   |   0.682   |   2.089
57.  	LEVANTE               |    66.973     |      47.259       |   2.118   |   1.784   |   0.842   |   3.003
58.  	CRYSTAL PALACE        |    65.837     |      47.772       |   2.207   |   1.553   |   0.703   |   2.185
59.  	PALMEIRAS             |    64.990     |      47.076       |   2.158   |   1.506   |   0.698   |   2.102
60.  	GREMIO                |    64.798     |      46.862       |   2.141   |   1.502   |   0.701   |   2.106
61.  	SASSUOLO              |    66.087     |      45.420       |   1.975   |   1.867   |   0.945   |   3.528
62.  	FREIBURG              |    65.569     |      45.721       |   2.010   |   1.745   |   0.868   |   3.029
63.  	VALLADOLID            |    64.178     |      46.519       |   2.123   |   1.452   |   0.684   |   1.985
64.  	ATLETICO-MG           |    64.690     |      45.987       |   2.054   |   1.580   |   0.769   |   2.432
65.  	ALAVES                |    64.270     |      46.274       |   2.094   |   1.490   |   0.711   |   2.119
66.  	ASTON VILLA           |    63.947     |      45.391       |   2.015   |   1.539   |   0.764   |   2.350
67.  	ST ETIENNE            |    63.546     |      45.253       |   2.011   |   1.497   |   0.744   |   2.229
68.  	WERDER BREMEN         |    64.170     |      44.530       |   1.935   |   1.670   |   0.863   |   2.884
69.  	SCHALKE 04            |    63.765     |      44.448       |   1.935   |   1.618   |   0.837   |   2.708
70.  	INTERNACIONAL         |    62.733     |      44.821       |   1.989   |   1.431   |   0.719   |   2.059
71.  	MONTPELLIER           |    63.379     |      44.185       |   1.919   |   1.592   |   0.829   |   2.640
72.  	KOLN                  |    64.003     |      43.696       |   1.872   |   1.746   |   0.933   |   3.257
73.  	UNION BERLIN          |    63.156     |      43.716       |   1.884   |   1.613   |   0.856   |   2.761
74.  	HUESCA                |    61.927     |      43.410       |   1.877   |   1.471   |   0.783   |   2.304
75.  	ELCHE                 |    61.650     |      43.293       |   1.872   |   1.445   |   0.772   |   2.231
76.  	MAINZ                 |    62.553     |      42.620       |   1.809   |   1.653   |   0.914   |   3.022
77.  	STUTTGART             |    61.936     |      41.819       |   1.759   |   1.658   |   0.942   |   3.124
78.  	CADIZ                 |    60.271     |      42.731       |   1.845   |   1.321   |   0.716   |   1.892
79.  	AUGSBURG              |    61.385     |      41.762       |   1.759   |   1.582   |   0.899   |   2.844
80.  	SPORTING              |    60.221     |      42.010       |   1.787   |   1.390   |   0.778   |   2.161
81.  	BOLOGNA               |    61.139     |      41.246       |   1.726   |   1.607   |   0.931   |   2.994
82.  	FULHAM                |    60.125     |      41.524       |   1.752   |   1.429   |   0.816   |   2.332
83.  	BORDEAUX              |    59.461     |      41.887       |   1.786   |   1.303   |   0.730   |   1.902
84.  	NICE                  |    60.254     |      41.016       |   1.716   |   1.505   |   0.877   |   2.641
85.  	SAMPDORIA             |    60.467     |      40.544       |   1.684   |   1.593   |   0.946   |   3.013
86.  	BRAGA                 |    59.904     |      40.278       |   1.670   |   1.542   |   0.924   |   2.850
87.  	ANGERS                |    58.874     |      40.880       |   1.715   |   1.332   |   0.777   |   2.069
88.  	WEST BROM             |    59.232     |      40.468       |   1.684   |   1.425   |   0.846   |   2.410
89.  	TORINO                |    59.663     |      39.644       |   1.632   |   1.585   |   0.971   |   3.077
90.  	HELLAS VERONA         |    59.564     |      39.642       |   1.632   |   1.570   |   0.962   |   3.020
91.  	NANTES                |    58.636     |      40.241       |   1.672   |   1.369   |   0.819   |   2.243
92.  	ARMINIA               |    58.789     |      39.641       |   1.633   |   1.458   |   0.893   |   2.604
93.  	LENS                  |    57.730     |      39.317       |   1.615   |   1.350   |   0.836   |   2.257
94.  	CAGLIARI              |    57.885     |      38.732       |   1.580   |   1.438   |   0.910   |   2.617
95.  	NIMES                 |    58.272     |      38.401       |   1.563   |   1.534   |   0.982   |   3.011
96.  	UDINESE               |    57.528     |      38.737       |   1.580   |   1.388   |   0.879   |   2.439
97.  	PARMA                 |    58.499     |      37.915       |   1.539   |   1.631   |   1.060   |   3.458
98.  	REIMS                 |    56.925     |      38.952       |   1.593   |   1.285   |   0.806   |   2.072
99.  	SAO PAULO             |    57.009     |      38.855       |   1.587   |   1.306   |   0.823   |   2.149
100.  	GENOA                 |    57.212     |      37.166       |   1.497   |   1.534   |   1.025   |   3.145
101.  	VITORIA DE GUIMARAES  |    55.296     |      36.812       |   1.470   |   1.309   |   0.890   |   2.331
102.  	STRASBOURG            |    53.968     |      35.317       |   1.390   |   1.306   |   0.939   |   2.452
103.  	BREST                 |    54.206     |      34.900       |   1.375   |   1.389   |   1.010   |   2.806
104.  	RIO AVE               |    53.707     |      34.739       |   1.364   |   1.340   |   0.982   |   2.632
105.  	BENEVENTO             |    53.625     |      34.448       |   1.352   |   1.365   |   1.010   |   2.755
106.  	METZ                  |    52.291     |      34.719       |   1.348   |   1.158   |   0.859   |   1.989
107.  	LORIENT               |    53.279     |      33.862       |   1.326   |   1.391   |   1.049   |   2.918
108.  	ATHLETICO-PR          |    51.780     |      34.490       |   1.333   |   1.120   |   0.841   |   1.883
109.  	CROTONE               |    52.435     |      33.712       |   1.310   |   1.293   |   0.987   |   2.551
110.  	SPEZIA                |    52.435     |      33.712       |   1.310   |   1.293   |   0.987   |   2.551
111.  	FLUMINENSE            |    51.078     |      33.206       |   1.274   |   1.175   |   0.923   |   2.168
112.  	SANTOS                |    51.149     |      32.748       |   1.259   |   1.238   |   0.984   |   2.437
113.  	CORINTHIANS           |    50.503     |      31.937       |   1.223   |   1.252   |   1.024   |   2.564
114.  	FAMALICAO             |    50.555     |      31.890       |   1.223   |   1.265   |   1.035   |   2.618
115.  	DIJON                 |    49.943     |      31.616       |   1.205   |   1.217   |   1.011   |   2.461
116.  	VASCO                 |    49.422     |      31.208       |   1.184   |   1.199   |   1.013   |   2.429
117.  	CEARA                 |    48.071     |      30.849       |   1.150   |   1.070   |   0.931   |   1.992
118.  	FORTALEZA             |    47.828     |      30.738       |   1.142   |   1.053   |   0.922   |   1.943
119.  	BRAGANTINO            |    48.123     |      29.932       |   1.128   |   1.188   |   1.053   |   2.501
120.  	MOREIRENSE            |    46.130     |      28.624       |   1.058   |   1.092   |   1.032   |   2.255
121.  	BAHIA                 |    46.429     |      28.438       |   1.061   |   1.155   |   1.088   |   2.514
122.  	SANTA CLARA           |    45.627     |      27.941       |   1.035   |   1.114   |   1.077   |   2.398
123.  	PORTIMONENSE          |    44.269     |      26.985       |   0.988   |   1.061   |   1.074   |   2.279
124.  	GIL VICENTE           |    44.003     |      26.586       |   0.976   |   1.078   |   1.105   |   2.384
125.  	BOTAFOGO              |    43.469     |      26.259       |   0.958   |   1.052   |   1.097   |   2.309
126.  	ATLETICO-GO           |    43.096     |      26.474       |   0.951   |   0.977   |   1.028   |   2.008
127.  	PACOS DE FERREIRA     |    42.759     |      25.083       |   0.929   |   1.119   |   1.205   |   2.697
128.  	MARITIMO              |    41.832     |      25.357       |   0.905   |   0.960   |   1.060   |   2.035
129.  	BOAVISTA              |    40.800     |      24.508       |   0.870   |   0.940   |   1.080   |   2.030
130.  	BELENENSES            |    40.474     |      24.000       |   0.858   |   0.965   |   1.125   |   2.172
131.  	GOIAS                 |    40.819     |      23.522       |   0.867   |   1.080   |   1.245   |   2.689
132.  	SPORT                 |    40.255     |      23.838       |   0.851   |   0.959   |   1.127   |   2.161
133.  	TONDELA               |    40.515     |      23.570       |   0.858   |   1.031   |   1.201   |   2.476
134.  	FARENSE               |    40.144     |      23.157       |   0.847   |   1.041   |   1.229   |   2.559
135.  	NACIONAL              |    39.372     |      22.543       |   0.823   |   1.026   |   1.247   |   2.559
136.  	CORITIBA              |    38.342     |      22.522       |   0.790   |   0.893   |   1.129   |   2.017

============================================================================================================================

#           Club              |  SPI Default  |  SPI Round-Robin  |   Power   |    ATK    |    DEF    |    OFF
1.  	FLAMENGO              |    68.337     |      61.680       |   2.298   |   1.751   |   0.762   |   2.668
2.  	PALMEIRAS             |    64.990     |      58.669       |   2.158   |   1.506   |   0.698   |   2.102
3.  	GREMIO                |    64.798     |      58.464       |   2.141   |   1.502   |   0.701   |   2.106
4.  	ATLETICO-MG           |    64.690     |      58.046       |   2.054   |   1.580   |   0.769   |   2.432
5.  	INTERNACIONAL         |    62.733     |      56.363       |   1.989   |   1.431   |   0.719   |   2.059
6.  	SAO PAULO             |    57.009     |      50.398       |   1.587   |   1.306   |   0.823   |   2.149
7.  	ATHLETICO-PR          |    51.780     |      45.391       |   1.333   |   1.120   |   0.841   |   1.883
8.  	FLUMINENSE            |    51.078     |      44.412       |   1.274   |   1.175   |   0.923   |   2.168
9.  	SANTOS                |    51.149     |      44.251       |   1.259   |   1.238   |   0.984   |   2.437
10.  	CORINTHIANS           |    50.503     |      43.508       |   1.223   |   1.252   |   1.024   |   2.564
11.  	VASCO                 |    49.422     |      42.546       |   1.184   |   1.199   |   1.013   |   2.429
12.  	CEARA                 |    48.071     |      41.594       |   1.150   |   1.070   |   0.931   |   1.992
13.  	BRAGANTINO            |    48.123     |      41.209       |   1.128   |   1.188   |   1.053   |   2.501
14.  	FORTALEZA             |    47.828     |      41.402       |   1.142   |   1.053   |   0.922   |   1.943
15.  	BAHIA                 |    46.429     |      39.540       |   1.061   |   1.155   |   1.088   |   2.514
16.  	BOTAFOGO              |    43.469     |      36.823       |   0.958   |   1.052   |   1.097   |   2.309
17.  	ATLETICO-GO           |    43.096     |      36.710       |   0.951   |   0.977   |   1.028   |   2.008
18.  	GOIAS                 |    40.819     |      34.010       |   0.867   |   1.080   |   1.245   |   2.689
19.  	SPORT                 |    40.255     |      33.844       |   0.851   |   0.959   |   1.127   |   2.161
20.  	CORITIBA              |    38.342     |      32.131       |   0.790   |   0.893   |   1.129   |   2.017

============================================================================================================================

#           Club              |  SPI Default  |  SPI Round-Robin  |   Power   |    ATK    |    DEF    |    OFF
1.  	MANCHESTER CITY       |    95.170     |      77.495       |   9.159   |   3.883   |   0.424   |   3.293
2.  	LIVERPOOL             |    91.951     |      68.983       |   6.527   |   3.369   |   0.516   |   3.478
3.  	CHELSEA               |    87.549     |      61.308       |   5.114   |   2.830   |   0.553   |   3.132
4.  	MANCHESTER UNITED     |    86.493     |      60.887       |   5.190   |   2.625   |   0.506   |   2.656
5.  	ARSENAL               |    82.744     |      54.646       |   4.154   |   2.411   |   0.580   |   2.799
6.  	TOTTENHAM             |    78.746     |      50.049       |   3.594   |   2.124   |   0.591   |   2.510
7.  	LEICESTER             |    78.718     |      49.578       |   3.519   |   2.156   |   0.613   |   2.642
8.  	WOLVERHAMPTON         |    74.921     |      47.081       |   3.297   |   1.821   |   0.552   |   2.012
9.  	EVERTON               |    74.781     |      45.627       |   3.094   |   1.908   |   0.617   |   2.353
10.  	SOUTHAMPTON           |    72.752     |      42.680       |   2.778   |   1.871   |   0.673   |   2.519
11.  	WEST HAM              |    70.155     |      38.632       |   2.405   |   1.867   |   0.776   |   2.897
12.  	BRIGHTON              |    68.812     |      38.372       |   2.381   |   1.728   |   0.726   |   2.509
13.  	LEEDS                 |    68.570     |      37.566       |   2.314   |   1.763   |   0.762   |   2.686
14.  	SHEFFIELD UNITED      |    66.918     |      37.345       |   2.290   |   1.597   |   0.697   |   2.227
15.  	BURNLEY               |    66.388     |      36.620       |   2.229   |   1.594   |   0.715   |   2.279
16.  	NEWCASTLE             |    66.848     |      36.297       |   2.207   |   1.668   |   0.756   |   2.520
17.  	CRYSTAL PALACE        |    65.837     |      36.390       |   2.207   |   1.553   |   0.703   |   2.185
18.  	ASTON VILLA           |    63.947     |      33.952       |   2.015   |   1.539   |   0.764   |   2.350
19.  	FULHAM                |    60.125     |      30.415       |   1.752   |   1.429   |   0.816   |   2.332
20.  	WEST BROM             |    59.232     |      29.374       |   1.684   |   1.425   |   0.846   |   2.410

============================================================================================================================

#           Club              |  SPI Default  |  SPI Round-Robin  |   Power   |    ATK    |    DEF    |    OFF
1.  	BAYERN MUNCHEN        |    94.641     |      81.467       |   7.940   |   3.912   |   0.493   |   3.855
2.  	DORTMUND              |    84.243     |      63.147       |   4.271   |   2.587   |   0.606   |   3.134
3.  	LEIPZIG               |    83.518     |      62.364       |   4.196   |   2.507   |   0.598   |   2.997
4.  	BAYER LEVERKUSEN      |    77.652     |      54.074       |   3.216   |   2.187   |   0.680   |   2.974
5.  	MONCHENGLADBACH       |    77.221     |      53.380       |   3.141   |   2.178   |   0.693   |   3.021
6.  	WOLFSBURG             |    72.916     |      48.654       |   2.726   |   1.928   |   0.707   |   2.727
7.  	EINTRACHT FRANKFURT   |    71.359     |      45.726       |   2.462   |   1.962   |   0.797   |   3.127
8.  	HOFFENHEIM            |    70.631     |      44.465       |   2.362   |   1.972   |   0.835   |   3.292
9.  	HERTHA BERLIN         |    69.694     |      44.317       |   2.362   |   1.852   |   0.784   |   2.906
10.  	FREIBURG              |    65.569     |      39.363       |   2.010   |   1.745   |   0.868   |   3.029
11.  	WERDER BREMEN         |    64.170     |      38.215       |   1.935   |   1.670   |   0.863   |   2.884
12.  	SCHALKE 04            |    63.765     |      38.235       |   1.935   |   1.618   |   0.837   |   2.708
13.  	KOLN                  |    64.003     |      37.157       |   1.872   |   1.746   |   0.933   |   3.257
14.  	UNION BERLIN          |    63.156     |      37.451       |   1.884   |   1.613   |   0.856   |   2.761
15.  	MAINZ                 |    62.553     |      36.180       |   1.809   |   1.653   |   0.914   |   3.022
16.  	STUTTGART             |    61.936     |      35.309       |   1.759   |   1.658   |   0.942   |   3.124
17.  	AUGSBURG              |    61.385     |      35.406       |   1.759   |   1.582   |   0.899   |   2.844
18.  	ARMINIA               |    58.789     |      33.401       |   1.633   |   1.458   |   0.893   |   2.604

============================================================================================================================

#           Club              |  SPI Default  |  SPI Round-Robin  |   Power   |    ATK    |    DEF    |    OFF
1.  	BENFICA               |    76.312     |      72.436       |   3.116   |   2.077   |   0.667   |   2.770
2.  	PORTO                 |    75.181     |      71.411       |   3.081   |   1.962   |   0.637   |   2.499
3.  	SPORTING              |    60.221     |      56.016       |   1.787   |   1.390   |   0.778   |   2.161
4.  	BRAGA                 |    59.904     |      55.248       |   1.670   |   1.542   |   0.924   |   2.850
5.  	VITORIA DE GUIMARAES  |    55.296     |      50.852       |   1.470   |   1.309   |   0.890   |   2.331
6.  	RIO AVE               |    53.707     |      49.058       |   1.364   |   1.340   |   0.982   |   2.632
7.  	FAMALICAO             |    50.555     |      45.887       |   1.223   |   1.265   |   1.035   |   2.618
8.  	MOREIRENSE            |    46.130     |      41.649       |   1.058   |   1.092   |   1.032   |   2.255
9.  	SANTA CLARA           |    45.627     |      41.072       |   1.035   |   1.114   |   1.077   |   2.398
10.  	PORTIMONENSE          |    44.269     |      39.782       |   0.988   |   1.061   |   1.074   |   2.279
11.  	GIL VICENTE           |    44.003     |      39.465       |   0.976   |   1.078   |   1.105   |   2.384
12.  	PACOS DE FERREIRA     |    42.759     |      38.094       |   0.929   |   1.119   |   1.205   |   2.697
13.  	MARITIMO              |    41.832     |      37.493       |   0.905   |   0.960   |   1.060   |   2.035
14.  	BOAVISTA              |    40.800     |      36.474       |   0.870   |   0.940   |   1.080   |   2.030
15.  	BELENENSES            |    40.474     |      36.080       |   0.858   |   0.965   |   1.125   |   2.172
16.  	TONDELA               |    40.515     |      35.982       |   0.858   |   1.031   |   1.201   |   2.476
17.  	FARENSE               |    40.144     |      35.584       |   0.847   |   1.041   |   1.229   |   2.559
18.  	NACIONAL              |    39.372     |      34.829       |   0.823   |   1.026   |   1.247   |   2.559

============================================================================================================================

#           Club              |  SPI Default  |  SPI Round-Robin  |   Power   |    ATK    |    DEF    |    OFF
1.  	REAL MADRID           |    90.679     |      70.243       |   6.761   |   3.012   |   0.445   |   2.683
2.  	BARCELONA             |    91.160     |      69.569       |   6.202   |   3.255   |   0.525   |   3.417
3.  	ATL MADRID            |    85.791     |      62.830       |   5.308   |   2.484   |   0.468   |   2.325
4.  	SEVILLA               |    79.723     |      54.126       |   3.884   |   2.120   |   0.546   |   2.316
5.  	VILLARREAL            |    79.467     |      51.936       |   3.498   |   2.265   |   0.647   |   2.933
6.  	REAL SOCIEDAD         |    74.555     |      47.160       |   3.019   |   1.925   |   0.637   |   2.454
7.  	BETIS                 |    71.888     |      43.657       |   2.663   |   1.854   |   0.696   |   2.582
8.  	GETAFE                |    70.313     |      44.498       |   2.794   |   1.600   |   0.573   |   1.832
9.  	GRANADA               |    70.329     |      42.496       |   2.562   |   1.752   |   0.684   |   2.396
10.  	ATL BILBAO            |    69.796     |      42.488       |   2.568   |   1.689   |   0.658   |   2.221
11.  	VALENCIA              |    70.894     |      41.784       |   2.487   |   1.881   |   0.756   |   2.844
12.  	OSASUNA               |    69.909     |      41.939       |   2.510   |   1.745   |   0.695   |   2.425
13.  	CELTA                 |    68.563     |      40.880       |   2.418   |   1.668   |   0.690   |   2.302
14.  	EIBAR                 |    65.993     |      38.906       |   2.248   |   1.533   |   0.682   |   2.089
15.  	LEVANTE               |    66.973     |      37.175       |   2.118   |   1.784   |   0.842   |   3.003
16.  	VALLADOLID            |    64.178     |      37.434       |   2.123   |   1.452   |   0.684   |   1.985
17.  	ALAVES                |    64.270     |      37.052       |   2.094   |   1.490   |   0.711   |   2.119
18.  	HUESCA                |    61.927     |      34.150       |   1.877   |   1.471   |   0.783   |   2.304
19.  	ELCHE                 |    61.650     |      34.115       |   1.872   |   1.445   |   0.772   |   2.231
20.  	CADIZ                 |    60.271     |      33.961       |   1.845   |   1.321   |   0.716   |   1.892

============================================================================================================================

#           Club              |  SPI Default  |  SPI Round-Robin  |   Power   |    ATK    |    DEF    |    OFF
1.  	JUVENTUS              |    84.264     |      68.401       |   4.159   |   2.640   |   0.635   |   3.352
2.  	INTER                 |    83.053     |      66.579       |   3.909   |   2.568   |   0.657   |   3.374
3.  	ATALANTA              |    78.952     |      61.234       |   3.327   |   2.293   |   0.689   |   3.161
4.  	MILAN                 |    79.289     |      60.862       |   3.223   |   2.408   |   0.747   |   3.600
5.  	NAPOLI                |    78.197     |      60.782       |   3.327   |   2.192   |   0.659   |   2.888
6.  	ROMA                  |    73.392     |      53.577       |   2.599   |   2.096   |   0.806   |   3.379
7.  	LAZIO                 |    72.879     |      53.533       |   2.620   |   2.010   |   0.767   |   3.083
8.  	FIORENTINA            |    67.534     |      48.094       |   2.234   |   1.721   |   0.771   |   2.652
9.  	SASSUOLO              |    66.087     |      44.632       |   1.975   |   1.867   |   0.945   |   3.528
10.  	BOLOGNA               |    61.139     |      40.239       |   1.726   |   1.607   |   0.931   |   2.994
11.  	SAMPDORIA             |    60.467     |      39.488       |   1.684   |   1.593   |   0.946   |   3.013
12.  	TORINO                |    59.663     |      38.520       |   1.632   |   1.585   |   0.971   |   3.077
13.  	HELLAS VERONA         |    59.564     |      38.527       |   1.632   |   1.570   |   0.962   |   3.020
14.  	CAGLIARI              |    57.885     |      37.624       |   1.580   |   1.438   |   0.910   |   2.617
15.  	UDINESE               |    57.528     |      37.661       |   1.580   |   1.388   |   0.879   |   2.439
16.  	PARMA                 |    58.499     |      36.625       |   1.539   |   1.631   |   1.060   |   3.458
17.  	GENOA                 |    57.212     |      35.876       |   1.497   |   1.534   |   1.025   |   3.145
18.  	BENEVENTO             |    53.625     |      33.062       |   1.352   |   1.365   |   1.010   |   2.755
19.  	CROTONE               |    52.435     |      32.322       |   1.310   |   1.293   |   0.987   |   2.551
20.  	SPEZIA                |    52.435     |      32.322       |   1.310   |   1.293   |   0.987   |   2.551

============================================================================================================================

#           Club              |  SPI Default  |  SPI Round-Robin  |   Power   |    ATK    |    DEF    |    OFF
1.  	PSG                   |    84.422     |      70.496       |   4.218   |   2.639   |   0.626   |   3.302
2.  	LYON                  |    76.629     |      61.767       |   3.317   |   2.003   |   0.604   |   2.419
3.  	MARSEILLE             |    69.089     |      52.692       |   2.405   |   1.740   |   0.724   |   2.518
4.  	RENNES                |    68.915     |      52.638       |   2.408   |   1.717   |   0.713   |   2.447
5.  	MONACO                |    68.720     |      51.292       |   2.248   |   1.852   |   0.824   |   3.052
6.  	LILLE                 |    67.507     |      51.746       |   2.374   |   1.590   |   0.670   |   2.130
7.  	ST ETIENNE            |    63.546     |      47.204       |   2.011   |   1.497   |   0.744   |   2.229
8.  	MONTPELLIER           |    63.379     |      46.185       |   1.919   |   1.592   |   0.829   |   2.640
9.  	BORDEAUX              |    59.461     |      43.672       |   1.786   |   1.303   |   0.730   |   1.902
10.  	NICE                  |    60.254     |      42.903       |   1.716   |   1.505   |   0.877   |   2.641
11.  	ANGERS                |    58.874     |      42.668       |   1.715   |   1.332   |   0.777   |   2.069
12.  	NANTES                |    58.636     |      42.038       |   1.672   |   1.369   |   0.819   |   2.243
13.  	LENS                  |    57.730     |      41.085       |   1.615   |   1.350   |   0.836   |   2.257
14.  	NIMES                 |    58.272     |      40.227       |   1.563   |   1.534   |   0.982   |   3.011
15.  	REIMS                 |    56.925     |      40.677       |   1.593   |   1.285   |   0.806   |   2.072
16.  	STRASBOURG            |    53.968     |      36.954       |   1.390   |   1.306   |   0.939   |   2.452
17.  	BREST                 |    54.206     |      36.551       |   1.375   |   1.389   |   1.010   |   2.806
18.  	METZ                  |    52.291     |      36.281       |   1.348   |   1.158   |   0.859   |   1.989
19.  	LORIENT               |    53.279     |      35.471       |   1.326   |   1.391   |   1.049   |   2.918
20.  	DIJON                 |    49.943     |      33.090       |   1.205   |   1.217   |   1.011   |   2.461
