#           Club              |  SPI Default  |  SPI Round-Robin  |   Power   |    ATK    |    DEF    |    OFF
1.  	BAYERN MUNCHEN        |    94.599     |      83.734       |   7.557   |   3.998   |   0.529   |   4.230
2.  	MANCHESTER CITY       |    92.764     |      81.604       |   7.678   |   3.329   |   0.434   |   2.887
3.  	LIVERPOOL             |    91.280     |      77.920       |   6.029   |   3.336   |   0.553   |   3.692
4.  	BARCELONA             |    90.961     |      77.477       |   5.954   |   3.279   |   0.551   |   3.612
5.  	ATL MADRID            |    88.666     |      75.541       |   6.098   |   2.763   |   0.453   |   2.504
6.  	PSG                   |    89.181     |      74.871       |   5.446   |   3.038   |   0.558   |   3.389
7.  	REAL MADRID           |    88.744     |      75.105       |   5.785   |   2.853   |   0.493   |   2.815
8.  	DORTMUND              |    87.659     |      73.491       |   5.423   |   2.755   |   0.508   |   2.799
9.  	CHELSEA               |    87.330     |      72.172       |   4.938   |   2.850   |   0.577   |   3.291
10.  	LEIPZIG               |    85.575     |      70.599       |   4.872   |   2.576   |   0.529   |   2.723
11.  	MANCHESTER UNITED     |    83.867     |      67.732       |   4.280   |   2.526   |   0.590   |   2.981
12.  	REAL SOCIEDAD         |    83.161     |      67.420       |   4.347   |   2.396   |   0.551   |   2.642
13.  	TOTTENHAM             |    83.395     |      67.064       |   4.173   |   2.499   |   0.599   |   2.993
14.  	JUVENTUS              |    82.276     |      65.232       |   3.862   |   2.474   |   0.641   |   3.169
15.  	INTER                 |    82.580     |      64.705       |   3.677   |   2.619   |   0.712   |   3.732
16.  	MILAN                 |    82.001     |      64.064       |   3.613   |   2.566   |   0.710   |   3.644
17.  	NAPOLI                |    80.993     |      64.587       |   3.920   |   2.267   |   0.578   |   2.623
18.  	LEICESTER             |    80.160     |      63.145       |   3.672   |   2.269   |   0.618   |   2.803
19.  	VILLARREAL            |    79.871     |      62.738       |   3.615   |   2.258   |   0.625   |   2.822
20.  	ATALANTA              |    80.592     |      62.165       |   3.386   |   2.492   |   0.736   |   3.668
21.  	SEVILLA               |    78.844     |      63.037       |   3.876   |   2.019   |   0.521   |   2.103
22.  	ARSENAL               |    79.270     |      62.697       |   3.701   |   2.140   |   0.578   |   2.475
23.  	BAYER LEVERKUSEN      |    78.297     |      60.780       |   3.377   |   2.177   |   0.645   |   2.807
24.  	SOUTHAMPTON           |    77.846     |      60.316       |   3.332   |   2.144   |   0.644   |   2.759
25.  	ROMA                  |    77.922     |      58.975       |   3.062   |   2.328   |   0.760   |   3.541
26.  	MONCHENGLADBACH       |    77.488     |      59.088       |   3.124   |   2.224   |   0.712   |   3.167
27.  	WEST HAM              |    76.712     |      58.712       |   3.132   |   2.118   |   0.676   |   2.864
28.  	LYON                  |    75.994     |      58.552       |   3.177   |   2.003   |   0.630   |   2.525
29.  	EVERTON               |    75.955     |      57.613       |   3.001   |   2.107   |   0.702   |   2.958
30.  	BENFICA               |    75.479     |      57.135       |   2.960   |   2.075   |   0.701   |   2.910
31.  	ASTON VILLA           |    75.396     |      56.933       |   2.932   |   2.084   |   0.711   |   2.962
32.  	WOLVERHAMPTON         |    72.866     |      56.388       |   3.073   |   1.712   |   0.557   |   1.907
33.  	PORTO                 |    73.910     |      55.210       |   2.767   |   2.018   |   0.729   |   2.944
34.  	BETIS                 |    73.227     |      54.464       |   2.701   |   1.985   |   0.735   |   2.919
35.  	BRIGHTON              |    72.930     |      54.635       |   2.748   |   1.913   |   0.696   |   2.665
36.  	EINTRACHT FRANKFURT   |    72.872     |      53.656       |   2.608   |   2.020   |   0.774   |   3.128
37.  	GETAFE                |    70.984     |      54.432       |   2.872   |   1.624   |   0.566   |   1.838
38.  	HERTHA BERLIN         |    72.051     |      53.073       |   2.575   |   1.945   |   0.755   |   2.938
39.  	MONACO                |    72.408     |      52.612       |   2.496   |   2.065   |   0.827   |   3.417
40.  	WOLFSBURG             |    70.880     |      52.864       |   2.616   |   1.774   |   0.678   |   2.405
41.  	LAZIO                 |    71.479     |      52.050       |   2.471   |   1.969   |   0.797   |   3.137
42.  	LEEDS                 |    71.372     |      51.868       |   2.454   |   1.972   |   0.804   |   3.170
43.  	HOFFENHEIM            |    71.424     |      51.595       |   2.419   |   2.015   |   0.833   |   3.358
44.  	LILLE                 |    70.291     |      52.421       |   2.587   |   1.729   |   0.668   |   2.311
45.  	ATL BILBAO            |    69.486     |      52.027       |   2.579   |   1.648   |   0.639   |   2.106
46.  	OSASUNA               |    69.026     |      51.441       |   2.520   |   1.640   |   0.651   |   2.136
47.  	UNION BERLIN          |    69.254     |      50.492       |   2.382   |   1.780   |   0.747   |   2.660
48.  	GRANADA               |    69.022     |      50.607       |   2.407   |   1.730   |   0.719   |   2.487
49.  	SPORTING              |    68.998     |      50.411       |   2.383   |   1.748   |   0.734   |   2.566
50.  	VALENCIA              |    69.086     |      49.795       |   2.306   |   1.834   |   0.795   |   2.917
51.  	RENNES                |    68.236     |      49.833       |   2.346   |   1.694   |   0.722   |   2.447
52.  	FLAMENGO              |    68.717     |      49.055       |   2.239   |   1.862   |   0.831   |   3.096
53.  	SASSUOLO              |    69.261     |      48.587       |   2.176   |   2.014   |   0.926   |   3.729
54.  	CELTA                 |    67.624     |      49.194       |   2.294   |   1.671   |   0.728   |   2.435
55.  	MARSEILLE             |    67.360     |      49.191       |   2.305   |   1.632   |   0.708   |   2.311
56.  	ATLETICO-MG           |    67.356     |      47.752       |   2.148   |   1.796   |   0.836   |   3.003
57.  	CRYSTAL PALACE        |    66.610     |      47.941       |   2.190   |   1.657   |   0.757   |   2.507
58.  	LEVANTE               |    66.838     |      47.700       |   2.158   |   1.720   |   0.797   |   2.741
59.  	CADIZ                 |    64.571     |      47.647       |   2.232   |   1.400   |   0.627   |   1.756
60.  	FIORENTINA            |    65.726     |      46.493       |   2.069   |   1.688   |   0.816   |   2.753
61.  	NEWCASTLE             |    65.014     |      46.134       |   2.052   |   1.621   |   0.790   |   2.560
62.  	ALAVES                |    64.011     |      46.168       |   2.082   |   1.473   |   0.707   |   2.085
63.  	STUTTGART             |    64.718     |      44.654       |   1.929   |   1.751   |   0.907   |   3.178
64.  	GREMIO                |    63.491     |      45.056       |   1.986   |   1.519   |   0.765   |   2.324
65.  	SHEFFIELD UNITED      |    63.174     |      45.207       |   2.008   |   1.459   |   0.727   |   2.120
66.  	LENS                  |    63.352     |      44.327       |   1.925   |   1.581   |   0.821   |   2.597
67.  	WERDER BREMEN         |    63.245     |      44.269       |   1.921   |   1.572   |   0.818   |   2.571
68.  	BRAGA                 |    63.320     |      44.022       |   1.900   |   1.611   |   0.848   |   2.733
69.  	KOLN                  |    63.217     |      43.767       |   1.881   |   1.626   |   0.864   |   2.811
70.  	HUESCA                |    62.472     |      44.078       |   1.919   |   1.482   |   0.773   |   2.291
71.  	EIBAR                 |    61.952     |      44.423       |   1.960   |   1.376   |   0.702   |   1.931
72.  	BURNLEY               |    61.988     |      44.032       |   1.923   |   1.421   |   0.739   |   2.099
73.  	SAO PAULO             |    62.279     |      43.818       |   1.899   |   1.484   |   0.781   |   2.319
74.  	FREIBURG              |    62.726     |      42.988       |   1.828   |   1.645   |   0.900   |   2.961
75.  	MONTPELLIER           |    61.968     |      42.587       |   1.806   |   1.579   |   0.874   |   2.762
76.  	PALMEIRAS             |    61.220     |      42.832       |   1.834   |   1.445   |   0.788   |   2.277
77.  	NICE                  |    61.338     |      42.404       |   1.799   |   1.509   |   0.839   |   2.532
78.  	FULHAM                |    61.152     |      42.179       |   1.784   |   1.508   |   0.845   |   2.550
79.  	INTERNACIONAL         |    60.123     |      41.781       |   1.765   |   1.410   |   0.799   |   2.252
80.  	VALLADOLID            |    59.616     |      41.466       |   1.746   |   1.376   |   0.788   |   2.167
81.  	AUGSBURG              |    59.875     |      40.734       |   1.693   |   1.494   |   0.882   |   2.635
82.  	HELLAS VERONA         |    59.585     |      40.528       |   1.681   |   1.477   |   0.878   |   2.594
83.  	BOLOGNA               |    59.833     |      39.955       |   1.645   |   1.582   |   0.962   |   3.043
84.  	SAMPDORIA             |    59.355     |      39.868       |   1.641   |   1.522   |   0.928   |   2.824
85.  	CAGLIARI              |    59.329     |      39.562       |   1.623   |   1.556   |   0.959   |   2.983
86.  	REIMS                 |    59.018     |      39.631       |   1.627   |   1.502   |   0.923   |   2.773
87.  	ANGERS                |    58.366     |      39.100       |   1.597   |   1.472   |   0.922   |   2.715
88.  	UDINESE               |    57.718     |      39.390       |   1.615   |   1.349   |   0.836   |   2.254
89.  	ELCHE                 |    57.457     |      39.222       |   1.605   |   1.333   |   0.831   |   2.215
90.  	ST ETIENNE            |    57.096     |      38.849       |   1.582   |   1.327   |   0.838   |   2.225
91.  	NANTES                |    57.230     |      38.701       |   1.573   |   1.361   |   0.865   |   2.355
92.  	WEST BROM             |    57.025     |      38.524       |   1.563   |   1.354   |   0.866   |   2.344
93.  	TORINO                |    57.960     |      37.861       |   1.530   |   1.568   |   1.025   |   3.214
94.  	BORDEAUX              |    56.042     |      38.499       |   1.561   |   1.229   |   0.787   |   1.934
95.  	STRASBOURG            |    56.490     |      37.763       |   1.520   |   1.369   |   0.901   |   2.465
96.  	METZ                  |    55.573     |      37.898       |   1.525   |   1.233   |   0.809   |   1.994
97.  	PARMA                 |    56.135     |      36.206       |   1.443   |   1.511   |   1.048   |   3.167
98.  	MAINZ                 |    56.152     |      36.020       |   1.435   |   1.539   |   1.073   |   3.301
99.  	BREST                 |    55.242     |      35.209       |   1.394   |   1.511   |   1.084   |   3.277
100.  	SCHALKE 04            |    54.702     |      35.477       |   1.400   |   1.397   |   0.998   |   2.789
101.  	GENOA                 |    54.076     |      34.641       |   1.360   |   1.415   |   1.040   |   2.944
102.  	ARMINIA               |    53.445     |      34.937       |   1.366   |   1.290   |   0.945   |   2.438
103.  	RIO AVE               |    52.558     |      34.770       |   1.350   |   1.194   |   0.884   |   2.111
104.  	SPEZIA                |    53.019     |      33.977       |   1.324   |   1.351   |   1.020   |   2.756
105.  	SANTOS                |    52.452     |      34.018       |   1.319   |   1.268   |   0.961   |   2.437
106.  	FLUMINENSE            |    52.166     |      34.125       |   1.319   |   1.217   |   0.923   |   2.246
107.  	LORIENT               |    52.377     |      33.434       |   1.296   |   1.330   |   1.026   |   2.730
108.  	ATHLETICO-PR          |    50.868     |      33.674       |   1.286   |   1.105   |   0.859   |   1.898
109.  	BENEVENTO             |    52.137     |      32.502       |   1.262   |   1.420   |   1.125   |   3.196
110.  	CROTONE               |    50.987     |      32.542       |   1.247   |   1.252   |   1.004   |   2.515
111.  	NIMES                 |    51.090     |      32.408       |   1.244   |   1.283   |   1.031   |   2.647
112.  	BRAGANTINO            |    50.866     |      32.535       |   1.245   |   1.237   |   0.993   |   2.457
113.  	VITORIA DE GUIMARAES  |    49.702     |      32.155       |   1.215   |   1.131   |   0.931   |   2.105
114.  	FORTALEZA             |    49.149     |      31.959       |   1.200   |   1.084   |   0.904   |   1.961
115.  	CEARA                 |    49.483     |      31.373       |   1.188   |   1.197   |   1.008   |   2.412
116.  	BAHIA                 |    49.776     |      31.119       |   1.186   |   1.269   |   1.070   |   2.717
117.  	CORINTHIANS           |    48.867     |      30.813       |   1.161   |   1.185   |   1.020   |   2.419
118.  	FAMALICAO             |    48.318     |      29.711       |   1.124   |   1.255   |   1.116   |   2.801
119.  	DIJON                 |    47.387     |      29.664       |   1.105   |   1.135   |   1.027   |   2.330
120.  	PACOS DE FERREIRA     |    46.293     |      28.295       |   1.054   |   1.167   |   1.107   |   2.585
121.  	SANTA CLARA           |    45.547     |      28.088       |   1.034   |   1.095   |   1.059   |   2.319
122.  	BOTAFOGO              |    44.547     |      27.078       |   0.995   |   1.096   |   1.101   |   2.414
123.  	VASCO                 |    44.243     |      26.812       |   0.984   |   1.091   |   1.109   |   2.420
124.  	ATLETICO-GO           |    43.155     |      26.374       |   0.951   |   1.006   |   1.059   |   2.130
125.  	FARENSE               |    43.393     |      25.671       |   0.950   |   1.135   |   1.195   |   2.714
126.  	GIL VICENTE           |    42.650     |      25.775       |   0.931   |   1.020   |   1.095   |   2.233
127.  	BOAVISTA              |    42.711     |      25.681       |   0.932   |   1.040   |   1.117   |   2.323
128.  	MOREIRENSE            |    42.320     |      25.765       |   0.922   |   0.978   |   1.061   |   2.076
129.  	PORTIMONENSE          |    42.046     |      25.153       |   0.909   |   1.024   |   1.127   |   2.308
130.  	CORITIBA              |    41.028     |      24.602       |   0.877   |   0.966   |   1.101   |   2.128
131.  	BELENENSES            |    39.993     |      24.765       |   0.846   |   0.818   |   0.967   |   1.584
132.  	MARITIMO              |    39.948     |      23.666       |   0.841   |   0.953   |   1.133   |   2.159
133.  	NACIONAL              |    39.753     |      23.271       |   0.835   |   0.983   |   1.177   |   2.315
134.  	SPORT                 |    37.696     |      21.792       |   0.772   |   0.922   |   1.195   |   2.203
135.  	GOIAS                 |    38.191     |      21.467       |   0.789   |   1.043   |   1.321   |   2.755
136.  	TONDELA               |    36.984     |      20.853       |   0.753   |   0.968   |   1.286   |   2.490

============================================================================================================================

#           Club              |  SPI Default  |  SPI Round-Robin  |   Power   |    ATK    |    DEF    |    OFF
1.  	FLAMENGO              |    68.717     |      62.138       |   2.239   |   1.862   |   0.831   |   3.096
2.  	ATLETICO-MG           |    67.356     |      60.746       |   2.148   |   1.796   |   0.836   |   3.003
3.  	GREMIO                |    63.491     |      57.216       |   1.986   |   1.519   |   0.765   |   2.324
4.  	SAO PAULO             |    62.279     |      55.946       |   1.899   |   1.484   |   0.781   |   2.319
5.  	PALMEIRAS             |    61.220     |      54.874       |   1.834   |   1.445   |   0.788   |   2.277
6.  	INTERNACIONAL         |    60.123     |      53.752       |   1.765   |   1.410   |   0.799   |   2.252
7.  	SANTOS                |    52.452     |      45.687       |   1.319   |   1.268   |   0.961   |   2.437
8.  	FLUMINENSE            |    52.166     |      45.567       |   1.319   |   1.217   |   0.923   |   2.246
9.  	ATHLETICO-PR          |    50.868     |      44.593       |   1.286   |   1.105   |   0.859   |   1.898
10.  	BRAGANTINO            |    50.866     |      44.067       |   1.245   |   1.237   |   0.993   |   2.457
11.  	BAHIA                 |    49.776     |      42.763       |   1.186   |   1.269   |   1.070   |   2.717
12.  	CEARA                 |    49.483     |      42.713       |   1.188   |   1.197   |   1.008   |   2.412
13.  	FORTALEZA             |    49.149     |      42.791       |   1.200   |   1.084   |   0.904   |   1.961
14.  	CORINTHIANS           |    48.867     |      42.090       |   1.161   |   1.185   |   1.020   |   2.419
15.  	BOTAFOGO              |    44.547     |      37.806       |   0.995   |   1.096   |   1.101   |   2.414
16.  	VASCO                 |    44.243     |      37.502       |   0.984   |   1.091   |   1.109   |   2.420
17.  	ATLETICO-GO           |    43.155     |      36.667       |   0.951   |   1.006   |   1.059   |   2.130
18.  	CORITIBA              |    41.028     |      34.588       |   0.877   |   0.966   |   1.101   |   2.128
19.  	GOIAS                 |    38.191     |      31.415       |   0.789   |   1.043   |   1.321   |   2.755
20.  	SPORT                 |    37.696     |      31.308       |   0.772   |   0.922   |   1.195   |   2.203

============================================================================================================================

#           Club              |  SPI Default  |  SPI Round-Robin  |   Power   |    ATK    |    DEF    |    OFF
1.  	MANCHESTER CITY       |    92.764     |      72.520       |   7.678   |   3.329   |   0.434   |   2.887
2.  	LIVERPOOL             |    91.280     |      67.321       |   6.029   |   3.336   |   0.553   |   3.692
3.  	CHELSEA               |    87.330     |      60.617       |   4.938   |   2.850   |   0.577   |   3.291
4.  	MANCHESTER UNITED     |    83.867     |      55.777       |   4.280   |   2.526   |   0.590   |   2.981
5.  	TOTTENHAM             |    83.395     |      55.016       |   4.173   |   2.499   |   0.599   |   2.993
6.  	LEICESTER             |    80.160     |      50.889       |   3.672   |   2.269   |   0.618   |   2.803
7.  	ARSENAL               |    79.270     |      50.772       |   3.701   |   2.140   |   0.578   |   2.475
8.  	SOUTHAMPTON           |    77.846     |      47.906       |   3.332   |   2.144   |   0.644   |   2.759
9.  	WEST HAM              |    76.712     |      46.103       |   3.132   |   2.118   |   0.676   |   2.864
10.  	EVERTON               |    75.955     |      44.859       |   3.001   |   2.107   |   0.702   |   2.958
11.  	ASTON VILLA           |    75.396     |      44.150       |   2.932   |   2.084   |   0.711   |   2.962
12.  	WOLVERHAMPTON         |    72.866     |      44.916       |   3.073   |   1.712   |   0.557   |   1.907
13.  	BRIGHTON              |    72.930     |      42.126       |   2.748   |   1.913   |   0.696   |   2.665
14.  	LEEDS                 |    71.372     |      38.810       |   2.454   |   1.972   |   0.804   |   3.170
15.  	CRYSTAL PALACE        |    66.610     |      35.692       |   2.190   |   1.657   |   0.757   |   2.507
16.  	NEWCASTLE             |    65.014     |      33.899       |   2.052   |   1.621   |   0.790   |   2.560
17.  	SHEFFIELD UNITED      |    63.174     |      33.578       |   2.008   |   1.459   |   0.727   |   2.120
18.  	BURNLEY               |    61.988     |      32.498       |   1.923   |   1.421   |   0.739   |   2.099
19.  	FULHAM                |    61.152     |      30.207       |   1.784   |   1.508   |   0.845   |   2.550
20.  	WEST BROM             |    57.025     |      27.120       |   1.563   |   1.354   |   0.866   |   2.344

============================================================================================================================

#           Club              |  SPI Default  |  SPI Round-Robin  |   Power   |    ATK    |    DEF    |    OFF
1.  	BAYERN MUNCHEN        |    94.599     |      80.217       |   7.557   |   3.998   |   0.529   |   4.230
2.  	DORTMUND              |    87.659     |      68.967       |   5.423   |   2.755   |   0.508   |   2.799
3.  	LEIPZIG               |    85.575     |      65.823       |   4.872   |   2.576   |   0.529   |   2.723
4.  	BAYER LEVERKUSEN      |    78.297     |      55.210       |   3.377   |   2.177   |   0.645   |   2.807
5.  	MONCHENGLADBACH       |    77.488     |      53.247       |   3.124   |   2.224   |   0.712   |   3.167
6.  	EINTRACHT FRANKFURT   |    72.872     |      47.575       |   2.608   |   2.020   |   0.774   |   3.128
7.  	HERTHA BERLIN         |    72.051     |      47.063       |   2.575   |   1.945   |   0.755   |   2.938
8.  	WOLFSBURG             |    70.880     |      47.143       |   2.616   |   1.774   |   0.678   |   2.405
9.  	HOFFENHEIM            |    71.424     |      45.337       |   2.419   |   2.015   |   0.833   |   3.358
10.  	UNION BERLIN          |    69.254     |      44.550       |   2.382   |   1.780   |   0.747   |   2.660
11.  	STUTTGART             |    64.718     |      38.349       |   1.929   |   1.751   |   0.907   |   3.178
12.  	WERDER BREMEN         |    63.245     |      38.278       |   1.921   |   1.572   |   0.818   |   2.571
13.  	KOLN                  |    63.217     |      37.641       |   1.881   |   1.626   |   0.864   |   2.811
14.  	FREIBURG              |    62.726     |      36.784       |   1.828   |   1.645   |   0.900   |   2.961
15.  	AUGSBURG              |    59.875     |      34.712       |   1.693   |   1.494   |   0.882   |   2.635
16.  	MAINZ                 |    56.152     |      29.753       |   1.435   |   1.539   |   1.073   |   3.301
17.  	SCHALKE 04            |    54.702     |      29.468       |   1.400   |   1.397   |   0.998   |   2.789
18.  	ARMINIA               |    53.445     |      29.134       |   1.366   |   1.290   |   0.945   |   2.438

============================================================================================================================

#           Club              |  SPI Default  |  SPI Round-Robin  |   Power   |    ATK    |    DEF    |    OFF
1.  	BENFICA               |    75.479     |      71.443       |   2.960   |   2.075   |   0.701   |   2.910
2.  	PORTO                 |    73.910     |      69.762       |   2.767   |   2.018   |   0.729   |   2.944
3.  	SPORTING              |    68.998     |      64.850       |   2.383   |   1.748   |   0.734   |   2.566
4.  	BRAGA                 |    63.320     |      58.869       |   1.900   |   1.611   |   0.848   |   2.733
5.  	RIO AVE               |    52.558     |      48.310       |   1.350   |   1.194   |   0.884   |   2.111
6.  	VITORIA DE GUIMARAES  |    49.702     |      45.444       |   1.215   |   1.131   |   0.931   |   2.105
7.  	FAMALICAO             |    48.318     |      43.713       |   1.124   |   1.255   |   1.116   |   2.801
8.  	PACOS DE FERREIRA     |    46.293     |      41.808       |   1.054   |   1.167   |   1.107   |   2.585
9.  	SANTA CLARA           |    45.547     |      41.195       |   1.034   |   1.095   |   1.059   |   2.319
10.  	FARENSE               |    43.393     |      38.907       |   0.950   |   1.135   |   1.195   |   2.714
11.  	BOAVISTA              |    42.711     |      38.401       |   0.932   |   1.040   |   1.117   |   2.323
12.  	GIL VICENTE           |    42.650     |      38.381       |   0.931   |   1.020   |   1.095   |   2.233
13.  	MOREIRENSE            |    42.320     |      38.132       |   0.922   |   0.978   |   1.061   |   2.076
14.  	PORTIMONENSE          |    42.046     |      37.755       |   0.909   |   1.024   |   1.127   |   2.308
15.  	BELENENSES            |    39.993     |      36.108       |   0.846   |   0.818   |   0.967   |   1.584
16.  	MARITIMO              |    39.948     |      35.769       |   0.841   |   0.953   |   1.133   |   2.159
17.  	NACIONAL              |    39.753     |      35.514       |   0.835   |   0.983   |   1.177   |   2.315
18.  	TONDELA               |    36.984     |      32.771       |   0.753   |   0.968   |   1.286   |   2.490

============================================================================================================================

#           Club              |  SPI Default  |  SPI Round-Robin  |   Power   |    ATK    |    DEF    |    OFF
1.  	BARCELONA             |    90.961     |      68.699       |   5.954   |   3.279   |   0.551   |   3.612
2.  	ATL MADRID            |    88.666     |      66.990       |   6.098   |   2.763   |   0.453   |   2.504
3.  	REAL MADRID           |    88.744     |      66.310       |   5.785   |   2.853   |   0.493   |   2.815
4.  	REAL SOCIEDAD         |    83.161     |      57.891       |   4.347   |   2.396   |   0.551   |   2.642
5.  	SEVILLA               |    78.844     |      53.700       |   3.876   |   2.019   |   0.521   |   2.103
6.  	VILLARREAL            |    79.871     |      52.787       |   3.615   |   2.258   |   0.625   |   2.822
7.  	BETIS                 |    73.227     |      44.270       |   2.701   |   1.985   |   0.735   |   2.919
8.  	GETAFE                |    70.984     |      45.261       |   2.872   |   1.624   |   0.566   |   1.838
9.  	ATL BILBAO            |    69.486     |      42.601       |   2.579   |   1.648   |   0.639   |   2.106
10.  	OSASUNA               |    69.026     |      41.998       |   2.520   |   1.640   |   0.651   |   2.136
11.  	GRANADA               |    69.022     |      40.845       |   2.407   |   1.730   |   0.719   |   2.487
12.  	VALENCIA              |    69.086     |      39.690       |   2.306   |   1.834   |   0.795   |   2.917
13.  	CELTA                 |    67.624     |      39.526       |   2.294   |   1.671   |   0.728   |   2.435
14.  	LEVANTE               |    66.838     |      37.821       |   2.158   |   1.720   |   0.797   |   2.741
15.  	CADIZ                 |    64.571     |      38.772       |   2.232   |   1.400   |   0.627   |   1.756
16.  	ALAVES                |    64.011     |      36.987       |   2.082   |   1.473   |   0.707   |   2.085
17.  	EIBAR                 |    61.952     |      35.512       |   1.960   |   1.376   |   0.702   |   1.931
18.  	HUESCA                |    62.472     |      34.807       |   1.919   |   1.482   |   0.773   |   2.291
19.  	VALLADOLID            |    59.616     |      32.502       |   1.746   |   1.376   |   0.788   |   2.167
20.  	ELCHE                 |    57.457     |      30.394       |   1.605   |   1.333   |   0.831   |   2.215

============================================================================================================================

#           Club              |  SPI Default  |  SPI Round-Robin  |   Power   |    ATK    |    DEF    |    OFF
1.  	JUVENTUS              |    82.276     |      65.829       |   3.862   |   2.474   |   0.641   |   3.169
2.  	INTER                 |    82.580     |      65.248       |   3.677   |   2.619   |   0.712   |   3.732
3.  	MILAN                 |    82.001     |      64.567       |   3.613   |   2.566   |   0.710   |   3.644
4.  	NAPOLI                |    80.993     |      65.169       |   3.920   |   2.267   |   0.578   |   2.623
5.  	ATALANTA              |    80.592     |      62.539       |   3.386   |   2.492   |   0.736   |   3.668
6.  	ROMA                  |    77.922     |      59.137       |   3.062   |   2.328   |   0.760   |   3.541
7.  	LAZIO                 |    71.479     |      51.761       |   2.471   |   1.969   |   0.797   |   3.137
8.  	SASSUOLO              |    69.261     |      47.998       |   2.176   |   2.014   |   0.926   |   3.729
9.  	FIORENTINA            |    65.726     |      45.873       |   2.069   |   1.688   |   0.816   |   2.753
10.  	HELLAS VERONA         |    59.585     |      39.554       |   1.681   |   1.477   |   0.878   |   2.594
11.  	BOLOGNA               |    59.833     |      38.877       |   1.645   |   1.582   |   0.962   |   3.043
12.  	SAMPDORIA             |    59.355     |      38.818       |   1.641   |   1.522   |   0.928   |   2.824
13.  	CAGLIARI              |    59.329     |      38.469       |   1.623   |   1.556   |   0.959   |   2.983
14.  	UDINESE               |    57.718     |      38.408       |   1.615   |   1.349   |   0.836   |   2.254
15.  	TORINO                |    57.960     |      36.634       |   1.530   |   1.568   |   1.025   |   3.214
16.  	PARMA                 |    56.135     |      34.890       |   1.443   |   1.511   |   1.048   |   3.167
17.  	GENOA                 |    54.076     |      33.274       |   1.360   |   1.415   |   1.040   |   2.944
18.  	SPEZIA                |    53.019     |      32.606       |   1.324   |   1.351   |   1.020   |   2.756
19.  	BENEVENTO             |    52.137     |      30.985       |   1.262   |   1.420   |   1.125   |   3.196
20.  	CROTONE               |    50.987     |      31.141       |   1.247   |   1.252   |   1.004   |   2.515

============================================================================================================================

#           Club              |  SPI Default  |  SPI Round-Robin  |   Power   |    ATK    |    DEF    |    OFF
1.  	PSG                   |    89.181     |      77.656       |   5.446   |   3.038   |   0.558   |   3.389
2.  	LYON                  |    75.994     |      61.111       |   3.177   |   2.003   |   0.630   |   2.525
3.  	MONACO                |    72.408     |      55.276       |   2.496   |   2.065   |   0.827   |   3.417
4.  	LILLE                 |    70.291     |      54.798       |   2.587   |   1.729   |   0.668   |   2.311
5.  	RENNES                |    68.236     |      52.183       |   2.346   |   1.694   |   0.722   |   2.447
6.  	MARSEILLE             |    67.360     |      51.486       |   2.305   |   1.632   |   0.708   |   2.311
7.  	LENS                  |    63.352     |      46.531       |   1.925   |   1.581   |   0.821   |   2.597
8.  	MONTPELLIER           |    61.968     |      44.755       |   1.806   |   1.579   |   0.874   |   2.762
9.  	NICE                  |    61.338     |      44.521       |   1.799   |   1.509   |   0.839   |   2.532
10.  	REIMS                 |    59.018     |      41.672       |   1.627   |   1.502   |   0.923   |   2.773
11.  	ANGERS                |    58.366     |      41.108       |   1.597   |   1.472   |   0.922   |   2.715
12.  	ST ETIENNE            |    57.096     |      40.764       |   1.582   |   1.327   |   0.838   |   2.225
13.  	NANTES                |    57.230     |      40.633       |   1.573   |   1.361   |   0.865   |   2.355
14.  	BORDEAUX              |    56.042     |      40.344       |   1.561   |   1.229   |   0.787   |   1.934
15.  	STRASBOURG            |    56.490     |      39.672       |   1.520   |   1.369   |   0.901   |   2.465
16.  	METZ                  |    55.573     |      39.732       |   1.525   |   1.233   |   0.809   |   1.994
17.  	BREST                 |    55.242     |      37.086       |   1.394   |   1.511   |   1.084   |   3.277
18.  	LORIENT               |    52.377     |      35.161       |   1.296   |   1.330   |   1.026   |   2.730
19.  	NIMES                 |    51.090     |      34.072       |   1.244   |   1.283   |   1.031   |   2.647
20.  	DIJON                 |    47.387     |      31.154       |   1.105   |   1.135   |   1.027   |   2.330
