#           Club              |  SPI Default  |  SPI Round-Robin  |   Power   |    ATK    |    DEF    |    OFF
1.  	BAYERN MUNCHEN        |    94.499     |      83.501       |   7.490   |   3.971   |   0.530   |   4.211
2.  	MANCHESTER CITY       |    93.721     |      82.593       |   7.580   |   3.641   |   0.480   |   3.497
3.  	BARCELONA             |    91.859     |      79.436       |   6.671   |   3.308   |   0.496   |   3.281
4.  	LIVERPOOL             |    91.884     |      78.726       |   6.164   |   3.455   |   0.560   |   3.872
5.  	REAL MADRID           |    90.357     |      78.092       |   6.815   |   2.934   |   0.431   |   2.527
6.  	PSG                   |    89.290     |      74.867       |   5.411   |   3.072   |   0.568   |   3.488
7.  	ATL MADRID            |    86.653     |      73.000       |   5.645   |   2.533   |   0.449   |   2.272
8.  	CHELSEA               |    87.154     |      71.871       |   4.887   |   2.837   |   0.580   |   3.293
9.  	DORTMUND              |    85.380     |      69.794       |   4.622   |   2.630   |   0.569   |   2.993
10.  	LEIPZIG               |    85.276     |      69.697       |   4.616   |   2.616   |   0.567   |   2.964
11.  	JUVENTUS              |    84.225     |      67.602       |   4.167   |   2.630   |   0.631   |   3.320
12.  	TOTTENHAM             |    83.754     |      67.337       |   4.189   |   2.546   |   0.608   |   3.095
13.  	MANCHESTER UNITED     |    83.429     |      66.536       |   4.016   |   2.574   |   0.641   |   3.299
14.  	INTER                 |    83.536     |      65.790       |   3.797   |   2.706   |   0.713   |   3.858
15.  	SEVILLA               |    82.103     |      66.756       |   4.395   |   2.237   |   0.509   |   2.277
16.  	ARSENAL               |    82.147     |      65.622       |   4.007   |   2.388   |   0.596   |   2.847
17.  	MILAN                 |    81.676     |      64.233       |   3.712   |   2.461   |   0.663   |   3.264
18.  	NAPOLI                |    81.199     |      64.426       |   3.845   |   2.328   |   0.606   |   2.820
19.  	ATALANTA              |    81.251     |      62.811       |   3.445   |   2.554   |   0.741   |   3.786
20.  	LEICESTER             |    80.008     |      62.491       |   3.543   |   2.314   |   0.653   |   3.024
21.  	EVERTON               |    78.709     |      60.946       |   3.368   |   2.236   |   0.664   |   2.969
22.  	REAL SOCIEDAD         |    78.026     |      61.427       |   3.578   |   2.044   |   0.571   |   2.335
23.  	VILLARREAL            |    78.319     |      60.580       |   3.338   |   2.202   |   0.660   |   2.905
24.  	BENFICA               |    77.865     |      59.932       |   3.255   |   2.191   |   0.673   |   2.948
25.  	BAYER LEVERKUSEN      |    76.586     |      59.045       |   3.219   |   2.050   |   0.637   |   2.612
26.  	LYON                  |    75.868     |      58.961       |   3.288   |   1.930   |   0.587   |   2.265
27.  	WEST HAM              |    76.635     |      58.253       |   3.059   |   2.155   |   0.704   |   3.036
28.  	PORTO                 |    76.209     |      58.192       |   3.090   |   2.081   |   0.673   |   2.803
29.  	MONCHENGLADBACH       |    76.059     |      57.863       |   3.043   |   2.092   |   0.688   |   2.877
30.  	SOUTHAMPTON           |    73.998     |      56.019       |   2.899   |   1.935   |   0.668   |   2.584
31.  	WOLVERHAMPTON         |    73.313     |      56.407       |   3.037   |   1.777   |   0.585   |   2.080
32.  	BETIS                 |    74.016     |      55.820       |   2.863   |   1.961   |   0.685   |   2.687
33.  	ROMA                  |    73.783     |      54.704       |   2.705   |   2.053   |   0.759   |   3.116
34.  	EINTRACHT FRANKFURT   |    73.677     |      54.610       |   2.698   |   2.045   |   0.758   |   3.100
35.  	LAZIO                 |    73.530     |      54.598       |   2.706   |   2.020   |   0.747   |   3.016
36.  	ASTON VILLA           |    72.935     |      54.542       |   2.738   |   1.921   |   0.702   |   2.696
37.  	BRIGHTON              |    73.237     |      54.288       |   2.679   |   2.005   |   0.748   |   3.000
38.  	HOFFENHEIM            |    73.164     |      53.409       |   2.563   |   2.100   |   0.819   |   3.442
39.  	LILLE                 |    70.925     |      53.394       |   2.700   |   1.720   |   0.637   |   2.190
40.  	WOLFSBURG             |    71.079     |      53.255       |   2.667   |   1.759   |   0.660   |   2.320
41.  	GETAFE                |    70.170     |      53.934       |   2.858   |   1.552   |   0.543   |   1.685
42.  	HERTHA BERLIN         |    71.715     |      52.305       |   2.496   |   1.975   |   0.792   |   3.127
43.  	LEEDS                 |    70.894     |      51.798       |   2.472   |   1.894   |   0.766   |   2.904
44.  	GRANADA               |    70.576     |      51.782       |   2.486   |   1.843   |   0.741   |   2.733
45.  	RENNES                |    69.823     |      51.507       |   2.489   |   1.752   |   0.704   |   2.468
46.  	FLAMENGO              |    69.233     |      50.335       |   2.367   |   1.791   |   0.757   |   2.711
47.  	OSASUNA               |    68.600     |      50.451       |   2.411   |   1.679   |   0.696   |   2.338
48.  	ATL BILBAO            |    67.660     |      50.254       |   2.433   |   1.560   |   0.641   |   2.002
49.  	FIORENTINA            |    68.647     |      49.454       |   2.288   |   1.799   |   0.786   |   2.829
50.  	CELTA                 |    66.859     |      48.841       |   2.287   |   1.592   |   0.696   |   2.218
51.  	ATLETICO-MG           |    67.672     |      48.111       |   2.178   |   1.800   |   0.827   |   2.977
52.  	MONACO                |    67.353     |      47.673       |   2.143   |   1.801   |   0.840   |   3.028
53.  	SASSUOLO              |    67.650     |      46.819       |   2.058   |   1.959   |   0.952   |   3.730
54.  	LEVANTE               |    66.809     |      47.400       |   2.131   |   1.747   |   0.820   |   2.863
55.  	CRYSTAL PALACE        |    66.062     |      47.665       |   2.182   |   1.603   |   0.735   |   2.354
56.  	MARSEILLE             |    66.227     |      47.486       |   2.157   |   1.647   |   0.764   |   2.515
57.  	VALENCIA              |    66.265     |      47.360       |   2.143   |   1.667   |   0.778   |   2.593
58.  	NEWCASTLE             |    66.016     |      46.977       |   2.111   |   1.673   |   0.792   |   2.650
59.  	EIBAR                 |    64.879     |      47.003       |   2.148   |   1.504   |   0.700   |   2.105
60.  	BURNLEY               |    65.383     |      46.611       |   2.092   |   1.619   |   0.774   |   2.505
61.  	UNION BERLIN          |    65.124     |      45.947       |   2.035   |   1.656   |   0.814   |   2.694
62.  	ALAVES                |    63.830     |      46.004       |   2.074   |   1.463   |   0.705   |   2.063
63.  	SHEFFIELD UNITED      |    63.741     |      45.759       |   2.051   |   1.476   |   0.720   |   2.124
64.  	MONTPELLIER           |    64.513     |      45.046       |   1.967   |   1.668   |   0.848   |   2.828
65.  	WERDER BREMEN         |    64.389     |      44.781       |   1.947   |   1.680   |   0.863   |   2.900
66.  	CADIZ                 |    62.894     |      45.630       |   2.061   |   1.375   |   0.667   |   1.835
67.  	AUGSBURG              |    63.947     |      44.805       |   1.957   |   1.611   |   0.823   |   2.651
68.  	STUTTGART             |    64.498     |      44.195       |   1.899   |   1.770   |   0.932   |   3.298
69.  	FREIBURG              |    63.874     |      43.992       |   1.892   |   1.696   |   0.897   |   3.042
70.  	LENS                  |    62.846     |      44.560       |   1.957   |   1.479   |   0.756   |   2.237
71.  	INTERNACIONAL         |    62.022     |      43.715       |   1.897   |   1.456   |   0.768   |   2.236
72.  	GREMIO                |    62.098     |      43.650       |   1.890   |   1.474   |   0.780   |   2.299
73.  	HUESCA                |    61.210     |      43.642       |   1.905   |   1.355   |   0.711   |   1.928
74.  	VALLADOLID            |    61.218     |      43.602       |   1.902   |   1.360   |   0.715   |   1.946
75.  	KOLN                  |    62.697     |      42.469       |   1.793   |   1.702   |   0.949   |   3.229
76.  	SAO PAULO             |    61.417     |      43.199       |   1.863   |   1.429   |   0.767   |   2.192
77.  	SPORTING              |    61.261     |      43.075       |   1.855   |   1.421   |   0.766   |   2.177
78.  	BORDEAUX              |    59.967     |      42.561       |   1.831   |   1.305   |   0.712   |   1.859
79.  	BRAGA                 |    60.726     |      41.086       |   1.714   |   1.572   |   0.917   |   2.885
80.  	BOLOGNA               |    60.395     |      40.859       |   1.701   |   1.551   |   0.912   |   2.829
81.  	ST ETIENNE            |    59.149     |      40.649       |   1.693   |   1.399   |   0.826   |   2.312
82.  	PALMEIRAS             |    58.911     |      40.510       |   1.685   |   1.382   |   0.820   |   2.268
83.  	FULHAM                |    59.299     |      40.226       |   1.665   |   1.468   |   0.882   |   2.590
84.  	NICE                  |    59.165     |      40.101       |   1.657   |   1.464   |   0.883   |   2.586
85.  	SAMPDORIA             |    59.329     |      39.405       |   1.615   |   1.572   |   0.973   |   3.061
86.  	WEST BROM             |    58.903     |      39.531       |   1.623   |   1.494   |   0.921   |   2.752
87.  	ARMINIA               |    57.502     |      39.077       |   1.597   |   1.352   |   0.847   |   2.290
88.  	ELCHE                 |    56.995     |      39.060       |   1.597   |   1.288   |   0.806   |   2.077
89.  	ANGERS                |    57.464     |      38.649       |   1.572   |   1.396   |   0.888   |   2.479
90.  	NANTES                |    57.093     |      38.430       |   1.559   |   1.371   |   0.879   |   2.410
91.  	HELLAS VERONA         |    57.287     |      38.235       |   1.549   |   1.420   |   0.917   |   2.605
92.  	TORINO                |    57.708     |      37.793       |   1.527   |   1.536   |   1.006   |   3.089
93.  	UDINESE               |    56.457     |      38.174       |   1.544   |   1.314   |   0.851   |   2.238
94.  	MAINZ                 |    57.523     |      37.445       |   1.509   |   1.553   |   1.029   |   3.197
95.  	SCHALKE 04            |    56.933     |      37.277       |   1.498   |   1.487   |   0.993   |   2.953
96.  	CAGLIARI              |    56.370     |      37.222       |   1.493   |   1.413   |   0.947   |   2.676
97.  	METZ                  |    55.118     |      37.296       |   1.491   |   1.238   |   0.830   |   2.054
98.  	STRASBOURG            |    55.710     |      36.715       |   1.465   |   1.383   |   0.944   |   2.611
99.  	PARMA                 |    56.074     |      36.131       |   1.440   |   1.509   |   1.048   |   3.162
100.  	REIMS                 |    55.012     |      36.637       |   1.457   |   1.297   |   0.891   |   2.310
101.  	BREST                 |    55.760     |      36.093       |   1.436   |   1.468   |   1.022   |   3.000
102.  	GENOA                 |    55.722     |      35.474       |   1.410   |   1.544   |   1.095   |   3.383
103.  	BENEVENTO             |    55.224     |      35.734       |   1.417   |   1.436   |   1.014   |   2.912
104.  	NIMES                 |    54.599     |      35.743       |   1.412   |   1.347   |   0.954   |   2.570
105.  	VITORIA DE GUIMARAES  |    53.497     |      35.716       |   1.402   |   1.205   |   0.859   |   2.070
106.  	RIO AVE               |    53.204     |      34.579       |   1.350   |   1.298   |   0.962   |   2.497
107.  	SANTOS                |    52.542     |      34.246       |   1.329   |   1.250   |   0.940   |   2.349
108.  	FLUMINENSE            |    52.447     |      34.302       |   1.330   |   1.230   |   0.925   |   2.276
109.  	ATHLETICO-PR          |    50.935     |      33.902       |   1.296   |   1.086   |   0.838   |   1.819
110.  	LORIENT               |    52.037     |      32.549       |   1.263   |   1.395   |   1.105   |   3.083
111.  	FORTALEZA             |    49.489     |      32.701       |   1.231   |   1.042   |   0.846   |   1.763
112.  	CROTONE               |    50.088     |      31.504       |   1.202   |   1.259   |   1.047   |   2.636
113.  	SPEZIA                |    49.958     |      31.459       |   1.199   |   1.247   |   1.040   |   2.593
114.  	FAMALICAO             |    49.513     |      30.927       |   1.177   |   1.255   |   1.067   |   2.677
115.  	CORINTHIANS           |    48.842     |      30.975       |   1.166   |   1.159   |   0.994   |   2.303
116.  	CEARA                 |    48.284     |      30.674       |   1.148   |   1.123   |   0.979   |   2.199
117.  	BAHIA                 |    48.096     |      29.823       |   1.123   |   1.206   |   1.074   |   2.589
118.  	BRAGANTINO            |    47.988     |      29.827       |   1.121   |   1.191   |   1.062   |   2.530
119.  	SANTA CLARA           |    47.436     |      30.027       |   1.115   |   1.093   |   0.981   |   2.144
120.  	DIJON                 |    46.886     |      29.007       |   1.081   |   1.150   |   1.063   |   2.445
121.  	VASCO                 |    45.587     |      27.889       |   1.032   |   1.123   |   1.089   |   2.445
122.  	BOTAFOGO              |    45.090     |      27.446       |   1.013   |   1.116   |   1.101   |   2.458
123.  	MOREIRENSE            |    44.500     |      27.388       |   0.998   |   1.046   |   1.048   |   2.192
124.  	ATLETICO-GO           |    44.058     |      27.073       |   0.983   |   1.029   |   1.047   |   2.156
125.  	GIL VICENTE           |    42.999     |      26.141       |   0.944   |   1.014   |   1.074   |   2.177
126.  	MARITIMO              |    42.501     |      25.668       |   0.926   |   1.011   |   1.092   |   2.209
127.  	PORTIMONENSE          |    42.539     |      25.640       |   0.927   |   1.020   |   1.101   |   2.246
128.  	PACOS DE FERREIRA     |    42.600     |      25.316       |   0.926   |   1.073   |   1.159   |   2.487
129.  	BELENENSES            |    40.994     |      25.017       |   0.878   |   0.905   |   1.031   |   1.866
130.  	FARENSE               |    41.182     |      24.043       |   0.879   |   1.063   |   1.209   |   2.569
131.  	SPORT                 |    41.069     |      24.103       |   0.876   |   1.038   |   1.185   |   2.461
132.  	CORITIBA              |    40.312     |      24.115       |   0.854   |   0.936   |   1.097   |   2.054
133.  	NACIONAL              |    39.917     |      23.014       |   0.840   |   1.041   |   1.239   |   2.580
134.  	BOAVISTA              |    38.956     |      22.615       |   0.810   |   0.968   |   1.195   |   2.312
135.  	GOIAS                 |    39.144     |      21.915       |   0.817   |   1.105   |   1.352   |   2.989
136.  	TONDELA               |    38.540     |      21.961       |   0.798   |   1.009   |   1.265   |   2.553

============================================================================================================================

#           Club              |  SPI Default  |  SPI Round-Robin  |   Power   |    ATK    |    DEF    |    OFF
1.  	FLAMENGO              |    69.233     |      62.854       |   2.367   |   1.791   |   0.757   |   2.711
2.  	ATLETICO-MG           |    67.672     |      60.970       |   2.178   |   1.800   |   0.827   |   2.977
3.  	GREMIO                |    62.098     |      55.657       |   1.890   |   1.474   |   0.780   |   2.299
4.  	INTERNACIONAL         |    62.022     |      55.638       |   1.897   |   1.456   |   0.768   |   2.236
5.  	SAO PAULO             |    61.417     |      55.048       |   1.863   |   1.429   |   0.767   |   2.192
6.  	PALMEIRAS             |    58.911     |      52.370       |   1.685   |   1.382   |   0.820   |   2.268
7.  	SANTOS                |    52.542     |      45.779       |   1.329   |   1.250   |   0.940   |   2.349
8.  	FLUMINENSE            |    52.447     |      45.748       |   1.330   |   1.230   |   0.925   |   2.276
9.  	ATHLETICO-PR          |    50.935     |      44.673       |   1.296   |   1.086   |   0.838   |   1.819
10.  	FORTALEZA             |    49.489     |      43.276       |   1.231   |   1.042   |   0.846   |   1.763
11.  	CORINTHIANS           |    48.842     |      42.100       |   1.166   |   1.159   |   0.994   |   2.303
12.  	CEARA                 |    48.284     |      41.634       |   1.148   |   1.123   |   0.979   |   2.199
13.  	BAHIA                 |    48.096     |      41.123       |   1.123   |   1.206   |   1.074   |   2.589
14.  	BRAGANTINO            |    47.988     |      41.062       |   1.121   |   1.191   |   1.062   |   2.530
15.  	VASCO                 |    45.587     |      38.754       |   1.032   |   1.123   |   1.089   |   2.445
16.  	BOTAFOGO              |    45.090     |      38.255       |   1.013   |   1.116   |   1.101   |   2.458
17.  	ATLETICO-GO           |    44.058     |      37.487       |   0.983   |   1.029   |   1.047   |   2.156
18.  	SPORT                 |    41.069     |      34.334       |   0.876   |   1.038   |   1.185   |   2.461
19.  	CORITIBA              |    40.312     |      33.917       |   0.854   |   0.936   |   1.097   |   2.054
20.  	GOIAS                 |    39.144     |      32.147       |   0.817   |   1.105   |   1.352   |   2.989

============================================================================================================================

#           Club              |  SPI Default  |  SPI Round-Robin  |   Power   |    ATK    |    DEF    |    OFF
1.  	MANCHESTER CITY       |    93.721     |      73.894       |   7.580   |   3.641   |   0.480   |   3.497
2.  	LIVERPOOL             |    91.884     |      68.627       |   6.164   |   3.455   |   0.560   |   3.872
3.  	CHELSEA               |    87.154     |      60.588       |   4.887   |   2.837   |   0.580   |   3.293
4.  	TOTTENHAM             |    83.754     |      55.502       |   4.189   |   2.546   |   0.608   |   3.095
5.  	MANCHESTER UNITED     |    83.429     |      54.406       |   4.016   |   2.574   |   0.641   |   3.299
6.  	ARSENAL               |    82.147     |      53.814       |   4.007   |   2.388   |   0.596   |   2.847
7.  	LEICESTER             |    80.008     |      50.174       |   3.543   |   2.314   |   0.653   |   3.024
8.  	EVERTON               |    78.709     |      48.554       |   3.368   |   2.236   |   0.664   |   2.969
9.  	WEST HAM              |    76.635     |      45.611       |   3.059   |   2.155   |   0.704   |   3.036
10.  	WOLVERHAMPTON         |    73.313     |      44.839       |   3.037   |   1.777   |   0.585   |   2.080
11.  	SOUTHAMPTON           |    73.998     |      43.776       |   2.899   |   1.935   |   0.668   |   2.584
12.  	ASTON VILLA           |    72.935     |      42.121       |   2.738   |   1.921   |   0.702   |   2.696
13.  	BRIGHTON              |    73.237     |      41.528       |   2.679   |   2.005   |   0.748   |   3.000
14.  	LEEDS                 |    70.894     |      39.106       |   2.472   |   1.894   |   0.766   |   2.904
15.  	CRYSTAL PALACE        |    66.062     |      35.665       |   2.182   |   1.603   |   0.735   |   2.354
16.  	NEWCASTLE             |    66.016     |      34.639       |   2.111   |   1.673   |   0.792   |   2.650
17.  	BURNLEY               |    65.383     |      34.456       |   2.092   |   1.619   |   0.774   |   2.505
18.  	SHEFFIELD UNITED      |    63.741     |      34.127       |   2.051   |   1.476   |   0.720   |   2.124
19.  	FULHAM                |    59.299     |      28.349       |   1.665   |   1.468   |   0.882   |   2.590
20.  	WEST BROM             |    58.903     |      27.540       |   1.623   |   1.494   |   0.921   |   2.752

============================================================================================================================

#           Club              |  SPI Default  |  SPI Round-Robin  |   Power   |    ATK    |    DEF    |    OFF
1.  	BAYERN MUNCHEN        |    94.499     |      80.375       |   7.490   |   3.971   |   0.530   |   4.211
2.  	DORTMUND              |    85.380     |      65.062       |   4.622   |   2.630   |   0.569   |   2.993
3.  	LEIPZIG               |    85.276     |      64.966       |   4.616   |   2.616   |   0.567   |   2.964
4.  	BAYER LEVERKUSEN      |    76.586     |      53.552       |   3.219   |   2.050   |   0.637   |   2.612
5.  	MONCHENGLADBACH       |    76.059     |      52.146       |   3.043   |   2.092   |   0.688   |   2.877
6.  	EINTRACHT FRANKFURT   |    73.677     |      48.577       |   2.698   |   2.045   |   0.758   |   3.100
7.  	HOFFENHEIM            |    73.164     |      47.146       |   2.563   |   2.100   |   0.819   |   3.442
8.  	WOLFSBURG             |    71.079     |      47.595       |   2.667   |   1.759   |   0.660   |   2.320
9.  	HERTHA BERLIN         |    71.715     |      46.135       |   2.496   |   1.975   |   0.792   |   3.127
10.  	UNION BERLIN          |    65.124     |      39.779       |   2.035   |   1.656   |   0.814   |   2.694
11.  	WERDER BREMEN         |    64.389     |      38.468       |   1.947   |   1.680   |   0.863   |   2.900
12.  	AUGSBURG              |    63.947     |      38.636       |   1.957   |   1.611   |   0.823   |   2.651
13.  	STUTTGART             |    64.498     |      37.662       |   1.899   |   1.770   |   0.932   |   3.298
14.  	FREIBURG              |    63.874     |      37.586       |   1.892   |   1.696   |   0.897   |   3.042
15.  	KOLN                  |    62.697     |      35.944       |   1.793   |   1.702   |   0.949   |   3.229
16.  	ARMINIA               |    57.502     |      33.084       |   1.597   |   1.352   |   0.847   |   2.290
17.  	MAINZ                 |    57.523     |      30.934       |   1.509   |   1.553   |   1.029   |   3.197
18.  	SCHALKE 04            |    56.933     |      30.895       |   1.498   |   1.487   |   0.993   |   2.953

============================================================================================================================

#           Club              |  SPI Default  |  SPI Round-Robin  |   Power   |    ATK    |    DEF    |    OFF
1.  	BENFICA               |    77.865     |      73.948       |   3.255   |   2.191   |   0.673   |   2.948
2.  	PORTO                 |    76.209     |      72.275       |   3.090   |   2.081   |   0.673   |   2.803
3.  	SPORTING              |    61.261     |      57.121       |   1.855   |   1.421   |   0.766   |   2.177
4.  	BRAGA                 |    60.726     |      56.134       |   1.714   |   1.572   |   0.917   |   2.885
5.  	VITORIA DE GUIMARAES  |    53.497     |      49.283       |   1.402   |   1.205   |   0.859   |   2.070
6.  	RIO AVE               |    53.204     |      48.731       |   1.350   |   1.298   |   0.962   |   2.497
7.  	FAMALICAO             |    49.513     |      44.945       |   1.177   |   1.255   |   1.067   |   2.677
8.  	SANTA CLARA           |    47.436     |      43.149       |   1.115   |   1.093   |   0.981   |   2.144
9.  	MOREIRENSE            |    44.500     |      40.208       |   0.998   |   1.046   |   1.048   |   2.192
10.  	GIL VICENTE           |    42.999     |      38.732       |   0.944   |   1.014   |   1.074   |   2.177
11.  	PACOS DE FERREIRA     |    42.600     |      38.200       |   0.926   |   1.073   |   1.159   |   2.487
12.  	PORTIMONENSE          |    42.539     |      38.246       |   0.927   |   1.020   |   1.101   |   2.246
13.  	MARITIMO              |    42.501     |      38.226       |   0.926   |   1.011   |   1.092   |   2.209
14.  	FARENSE               |    41.182     |      36.781       |   0.879   |   1.063   |   1.209   |   2.569
15.  	BELENENSES            |    40.994     |      36.913       |   0.878   |   0.905   |   1.031   |   1.866
16.  	NACIONAL              |    39.917     |      35.545       |   0.840   |   1.041   |   1.239   |   2.580
17.  	BOAVISTA              |    38.956     |      34.711       |   0.810   |   0.968   |   1.195   |   2.312
18.  	TONDELA               |    38.540     |      34.218       |   0.798   |   1.009   |   1.265   |   2.553

============================================================================================================================

#           Club              |  SPI Default  |  SPI Round-Robin  |   Power   |    ATK    |    DEF    |    OFF
1.  	BARCELONA             |    91.859     |      70.928       |   6.671   |   3.308   |   0.496   |   3.281
2.  	REAL MADRID           |    90.357     |      69.686       |   6.815   |   2.934   |   0.431   |   2.527
3.  	ATL MADRID            |    86.653     |      64.088       |   5.645   |   2.533   |   0.449   |   2.272
4.  	SEVILLA               |    82.103     |      57.351       |   4.395   |   2.237   |   0.509   |   2.277
5.  	REAL SOCIEDAD         |    78.026     |      51.771       |   3.578   |   2.044   |   0.571   |   2.335
6.  	VILLARREAL            |    78.319     |      50.461       |   3.338   |   2.202   |   0.660   |   2.905
7.  	BETIS                 |    74.016     |      45.838       |   2.863   |   1.961   |   0.685   |   2.687
8.  	GETAFE                |    70.170     |      44.962       |   2.858   |   1.552   |   0.543   |   1.685
9.  	GRANADA               |    70.576     |      41.844       |   2.486   |   1.843   |   0.741   |   2.733
10.  	OSASUNA               |    68.600     |      40.904       |   2.411   |   1.679   |   0.696   |   2.338
11.  	ATL BILBAO            |    67.660     |      41.049       |   2.433   |   1.560   |   0.641   |   2.002
12.  	CELTA                 |    66.859     |      39.480       |   2.287   |   1.592   |   0.696   |   2.218
13.  	LEVANTE               |    66.809     |      37.547       |   2.131   |   1.747   |   0.820   |   2.863
14.  	VALENCIA              |    66.265     |      37.730       |   2.143   |   1.667   |   0.778   |   2.593
15.  	EIBAR                 |    64.879     |      37.853       |   2.148   |   1.504   |   0.700   |   2.105
16.  	ALAVES                |    63.830     |      36.957       |   2.074   |   1.463   |   0.705   |   2.063
17.  	CADIZ                 |    62.894     |      36.857       |   2.061   |   1.375   |   0.667   |   1.835
18.  	HUESCA                |    61.210     |      34.901       |   1.905   |   1.355   |   0.711   |   1.928
19.  	VALLADOLID            |    61.218     |      34.845       |   1.902   |   1.360   |   0.715   |   1.946
20.  	ELCHE                 |    56.995     |      30.545       |   1.597   |   1.288   |   0.806   |   2.077

============================================================================================================================

#           Club              |  SPI Default  |  SPI Round-Robin  |   Power   |    ATK    |    DEF    |    OFF
1.  	JUVENTUS              |    84.225     |      68.301       |   4.167   |   2.630   |   0.631   |   3.320
2.  	INTER                 |    83.536     |      66.369       |   3.797   |   2.706   |   0.713   |   3.858
3.  	MILAN                 |    81.676     |      64.742       |   3.712   |   2.461   |   0.663   |   3.264
4.  	NAPOLI                |    81.199     |      64.968       |   3.845   |   2.328   |   0.606   |   2.820
5.  	ATALANTA              |    81.251     |      63.212       |   3.445   |   2.554   |   0.741   |   3.786
6.  	ROMA                  |    73.783     |      54.637       |   2.705   |   2.053   |   0.759   |   3.116
7.  	LAZIO                 |    73.530     |      54.533       |   2.706   |   2.020   |   0.747   |   3.016
8.  	FIORENTINA            |    68.647     |      49.087       |   2.288   |   1.799   |   0.786   |   2.829
9.  	SASSUOLO              |    67.650     |      46.197       |   2.058   |   1.959   |   0.952   |   3.730
10.  	BOLOGNA               |    60.395     |      39.980       |   1.701   |   1.551   |   0.912   |   2.829
11.  	SAMPDORIA             |    59.329     |      38.415       |   1.615   |   1.572   |   0.973   |   3.061
12.  	HELLAS VERONA         |    57.287     |      37.245       |   1.549   |   1.420   |   0.917   |   2.605
13.  	TORINO                |    57.708     |      36.713       |   1.527   |   1.536   |   1.006   |   3.089
14.  	UDINESE               |    56.457     |      37.239       |   1.544   |   1.314   |   0.851   |   2.238
15.  	CAGLIARI              |    56.370     |      36.169       |   1.493   |   1.413   |   0.947   |   2.676
16.  	PARMA                 |    56.074     |      34.955       |   1.440   |   1.509   |   1.048   |   3.162
17.  	BENEVENTO             |    55.224     |      34.571       |   1.417   |   1.436   |   1.014   |   2.912
18.  	GENOA                 |    55.722     |      34.237       |   1.410   |   1.544   |   1.095   |   3.383
19.  	CROTONE               |    50.088     |      30.184       |   1.202   |   1.259   |   1.047   |   2.636
20.  	SPEZIA                |    49.958     |      30.143       |   1.199   |   1.247   |   1.040   |   2.593

============================================================================================================================

#           Club              |  SPI Default  |  SPI Round-Robin  |   Power   |    ATK    |    DEF    |    OFF
1.  	PSG                   |    89.290     |      77.493       |   5.411   |   3.072   |   0.568   |   3.488
2.  	LYON                  |    75.868     |      61.317       |   3.288   |   1.930   |   0.587   |   2.265
3.  	LILLE                 |    70.925     |      55.661       |   2.700   |   1.720   |   0.637   |   2.190
4.  	RENNES                |    69.823     |      53.822       |   2.489   |   1.752   |   0.704   |   2.468
5.  	MONACO                |    67.353     |      50.024       |   2.143   |   1.801   |   0.840   |   3.028
6.  	MARSEILLE             |    66.227     |      49.718       |   2.157   |   1.647   |   0.764   |   2.515
7.  	MONTPELLIER           |    64.513     |      47.272       |   1.967   |   1.668   |   0.848   |   2.828
8.  	LENS                  |    62.846     |      46.645       |   1.957   |   1.479   |   0.756   |   2.237
9.  	BORDEAUX              |    59.967     |      44.495       |   1.831   |   1.305   |   0.712   |   1.859
10.  	ST ETIENNE            |    59.149     |      42.625       |   1.693   |   1.399   |   0.826   |   2.312
11.  	NICE                  |    59.165     |      42.106       |   1.657   |   1.464   |   0.883   |   2.586
12.  	ANGERS                |    57.464     |      40.580       |   1.572   |   1.396   |   0.888   |   2.479
13.  	NANTES                |    57.093     |      40.341       |   1.559   |   1.371   |   0.879   |   2.410
14.  	METZ                  |    55.118     |      39.104       |   1.491   |   1.238   |   0.830   |   2.054
15.  	STRASBOURG            |    55.710     |      38.585       |   1.465   |   1.383   |   0.944   |   2.611
16.  	BREST                 |    55.760     |      37.981       |   1.436   |   1.468   |   1.022   |   3.000
17.  	REIMS                 |    55.012     |      38.462       |   1.457   |   1.297   |   0.891   |   2.310
18.  	NIMES                 |    54.599     |      37.565       |   1.412   |   1.347   |   0.954   |   2.570
19.  	LORIENT               |    52.037     |      34.264       |   1.263   |   1.395   |   1.105   |   3.083
20.  	DIJON                 |    46.886     |      30.491       |   1.081   |   1.150   |   1.063   |   2.445
