#           Club              |  SPI Default  |  SPI Round-Robin  |   Power   |    ATK    |    DEF    |    OFF
1.  	MANCHESTER CITY       |    93.668     |      83.511       |   9.107   |   3.351   |   0.368   |   2.466
2.  	BARCELONA             |    92.574     |      79.815       |   6.593   |   3.526   |   0.535   |   3.772
3.  	BAYERN MUNCHEN        |    92.298     |      79.083       |   6.294   |   3.533   |   0.561   |   3.966
4.  	LIVERPOOL             |    91.038     |      77.874       |   6.358   |   3.185   |   0.501   |   3.190
5.  	ATL MADRID            |    87.527     |      74.236       |   6.119   |   2.567   |   0.419   |   2.154
6.  	REAL MADRID           |    87.622     |      73.550       |   5.638   |   2.691   |   0.477   |   2.569
7.  	CHELSEA               |    86.691     |      71.469       |   4.988   |   2.720   |   0.545   |   2.968
8.  	PSG                   |    86.003     |      70.400       |   4.769   |   2.679   |   0.562   |   3.010
9.  	MANCHESTER UNITED     |    85.988     |      70.319       |   4.741   |   2.687   |   0.567   |   3.045
10.  	DORTMUND              |    85.824     |      70.119       |   4.713   |   2.670   |   0.566   |   3.025
11.  	LEIPZIG               |    84.447     |      69.120       |   4.738   |   2.448   |   0.517   |   2.529
12.  	ATALANTA              |    83.463     |      66.162       |   3.969   |   2.603   |   0.656   |   3.413
13.  	REAL SOCIEDAD         |    82.214     |      66.214       |   4.254   |   2.299   |   0.540   |   2.486
14.  	TOTTENHAM             |    81.672     |      65.030       |   3.992   |   2.328   |   0.583   |   2.716
15.  	INTER                 |    82.476     |      64.363       |   3.671   |   2.607   |   0.710   |   3.702
16.  	NAPOLI                |    81.704     |      64.856       |   3.934   |   2.358   |   0.599   |   2.827
17.  	JUVENTUS              |    81.955     |      64.611       |   3.819   |   2.447   |   0.641   |   3.137
18.  	SEVILLA               |    80.907     |      65.267       |   4.241   |   2.137   |   0.504   |   2.153
19.  	VILLARREAL            |    81.350     |      64.906       |   4.020   |   2.274   |   0.566   |   2.571
20.  	LEICESTER             |    80.148     |      63.102       |   3.725   |   2.242   |   0.602   |   2.698
21.  	MILAN                 |    80.547     |      62.234       |   3.455   |   2.441   |   0.707   |   3.450
22.  	ASTON VILLA           |    79.547     |      62.196       |   3.588   |   2.229   |   0.621   |   2.770
23.  	ARSENAL               |    79.019     |      62.450       |   3.742   |   2.092   |   0.559   |   2.340
24.  	BAYER LEVERKUSEN      |    78.562     |      61.459       |   3.553   |   2.120   |   0.597   |   2.531
25.  	LYON                  |    78.370     |      60.892       |   3.443   |   2.151   |   0.625   |   2.688
26.  	WEST HAM              |    76.651     |      58.989       |   3.236   |   2.049   |   0.633   |   2.595
27.  	ROMA                  |    77.083     |      58.090       |   3.018   |   2.244   |   0.744   |   3.337
28.  	MONCHENGLADBACH       |    76.685     |      57.821       |   3.006   |   2.199   |   0.731   |   3.216
29.  	SOUTHAMPTON           |    75.544     |      58.124       |   3.180   |   1.948   |   0.613   |   2.386
30.  	EVERTON               |    75.666     |      57.599       |   3.062   |   2.031   |   0.664   |   2.696
31.  	PORTO                 |    75.285     |      56.580       |   2.912   |   2.084   |   0.716   |   2.982
32.  	EINTRACHT FRANKFURT   |    75.066     |      55.987       |   2.832   |   2.116   |   0.747   |   3.162
33.  	WOLFSBURG             |    74.381     |      55.992       |   2.887   |   1.989   |   0.689   |   2.741
34.  	BENFICA               |    74.243     |      55.957       |   2.892   |   1.969   |   0.681   |   2.680
35.  	MONACO                |    74.891     |      55.154       |   2.718   |   2.189   |   0.805   |   3.525
36.  	LEEDS                 |    73.680     |      53.820       |   2.605   |   2.129   |   0.817   |   3.480
37.  	BRIGHTON              |    72.674     |      54.433       |   2.760   |   1.874   |   0.679   |   2.546
38.  	LILLE                 |    72.172     |      54.756       |   2.856   |   1.756   |   0.615   |   2.159
39.  	CELTA                 |    72.615     |      53.786       |   2.664   |   1.940   |   0.728   |   2.826
40.  	BETIS                 |    72.372     |      53.379       |   2.620   |   1.946   |   0.743   |   2.892
41.  	ATL BILBAO            |    71.299     |      53.832       |   2.765   |   1.718   |   0.621   |   2.134
42.  	WOLVERHAMPTON         |    71.140     |      53.407       |   2.706   |   1.739   |   0.642   |   2.234
43.  	LAZIO                 |    71.793     |      52.578       |   2.542   |   1.942   |   0.764   |   2.969
44.  	UNION BERLIN          |    71.239     |      52.571       |   2.572   |   1.849   |   0.719   |   2.659
45.  	STUTTGART             |    71.318     |      51.306       |   2.404   |   2.017   |   0.839   |   3.383
46.  	FREIBURG              |    70.350     |      50.754       |   2.380   |   1.916   |   0.805   |   3.085
47.  	SPORTING              |    69.123     |      50.995       |   2.470   |   1.689   |   0.684   |   2.310
48.  	GETAFE                |    68.101     |      51.515       |   2.613   |   1.487   |   0.569   |   1.691
49.  	HERTHA BERLIN         |    68.883     |      50.214       |   2.379   |   1.739   |   0.731   |   2.543
50.  	FLAMENGO              |    69.333     |      49.431       |   2.269   |   1.906   |   0.840   |   3.202
51.  	LEVANTE               |    68.822     |      49.419       |   2.286   |   1.822   |   0.797   |   2.904
52.  	RENNES                |    67.892     |      49.978       |   2.395   |   1.614   |   0.674   |   2.175
53.  	MARSEILLE             |    68.076     |      49.820       |   2.366   |   1.658   |   0.701   |   2.325
54.  	VALENCIA              |    67.749     |      48.466       |   2.219   |   1.762   |   0.794   |   2.799
55.  	EIBAR                 |    66.485     |      49.310       |   2.375   |   1.483   |   0.624   |   1.851
56.  	HOFFENHEIM            |    67.698     |      47.564       |   2.129   |   1.864   |   0.876   |   3.264
57.  	GRANADA               |    66.802     |      47.773       |   2.176   |   1.695   |   0.779   |   2.640
58.  	OSASUNA               |    65.805     |      47.547       |   2.184   |   1.571   |   0.719   |   2.260
59.  	CRYSTAL PALACE        |    65.247     |      46.500       |   2.090   |   1.605   |   0.768   |   2.466
60.  	ATLETICO-MG           |    65.276     |      45.499       |   1.995   |   1.728   |   0.866   |   2.992
61.  	SASSUOLO              |    65.650     |      45.192       |   1.962   |   1.826   |   0.931   |   3.400
62.  	ALAVES                |    64.133     |      46.059       |   2.076   |   1.494   |   0.720   |   2.150
63.  	SAO PAULO             |    63.998     |      45.386       |   2.012   |   1.548   |   0.769   |   2.382
64.  	FULHAM                |    63.102     |      44.871       |   1.983   |   1.478   |   0.745   |   2.202
65.  	WERDER BREMEN         |    63.404     |      44.624       |   1.954   |   1.548   |   0.792   |   2.452
66.  	FIORENTINA            |    63.357     |      44.641       |   1.957   |   1.539   |   0.787   |   2.422
67.  	GREMIO                |    62.654     |      44.521       |   1.960   |   1.454   |   0.742   |   2.156
68.  	LENS                  |    62.921     |      44.123       |   1.919   |   1.535   |   0.800   |   2.456
69.  	BRAGA                 |    63.115     |      43.844       |   1.893   |   1.596   |   0.843   |   2.691
70.  	CADIZ                 |    61.196     |      44.155       |   1.957   |   1.299   |   0.664   |   1.725
71.  	BURNLEY               |    61.411     |      43.935       |   1.931   |   1.349   |   0.698   |   1.884
72.  	PALMEIRAS             |    61.844     |      43.386       |   1.874   |   1.465   |   0.782   |   2.292
73.  	INTERNACIONAL         |    61.311     |      42.916       |   1.843   |   1.444   |   0.783   |   2.262
74.  	STRASBOURG            |    61.936     |      42.475       |   1.801   |   1.584   |   0.880   |   2.786
75.  	UDINESE               |    61.329     |      42.597       |   1.817   |   1.482   |   0.816   |   2.417
76.  	BORDEAUX              |    60.168     |      42.452       |   1.820   |   1.340   |   0.736   |   1.974
77.  	NEWCASTLE             |    60.569     |      41.886       |   1.771   |   1.456   |   0.822   |   2.395
78.  	VALLADOLID            |    60.085     |      41.976       |   1.782   |   1.380   |   0.774   |   2.136
79.  	MONTPELLIER           |    61.190     |      40.929       |   1.701   |   1.664   |   0.978   |   3.256
80.  	BOLOGNA               |    60.440     |      40.858       |   1.700   |   1.559   |   0.917   |   2.860
81.  	HUESCA                |    59.604     |      41.366       |   1.741   |   1.382   |   0.794   |   2.194
82.  	SHEFFIELD UNITED      |    59.284     |      41.324       |   1.740   |   1.344   |   0.772   |   2.076
83.  	ST ETIENNE            |    58.741     |      40.457       |   1.682   |   1.367   |   0.813   |   2.221
84.  	HELLAS VERONA         |    58.821     |      40.345       |   1.674   |   1.390   |   0.830   |   2.309
85.  	ANGERS                |    58.643     |      40.262       |   1.669   |   1.375   |   0.824   |   2.266
86.  	TORINO                |    58.999     |      39.465       |   1.617   |   1.519   |   0.939   |   2.855
87.  	SAMPDORIA             |    58.796     |      39.114       |   1.597   |   1.533   |   0.960   |   2.944
88.  	METZ                  |    57.223     |      39.694       |   1.636   |   1.252   |   0.765   |   1.914
89.  	AUGSBURG              |    57.661     |      38.942       |   1.587   |   1.393   |   0.877   |   2.443
90.  	KOLN                  |    57.703     |      38.888       |   1.584   |   1.405   |   0.887   |   2.491
91.  	BREST                 |    58.485     |      38.223       |   1.549   |   1.602   |   1.035   |   3.317
92.  	REIMS                 |    57.667     |      38.721       |   1.574   |   1.420   |   0.902   |   2.560
93.  	MAINZ                 |    57.487     |      38.003       |   1.535   |   1.482   |   0.966   |   2.863
94.  	ELCHE                 |    55.382     |      37.477       |   1.500   |   1.256   |   0.837   |   2.104
95.  	NICE                  |    55.663     |      36.782       |   1.465   |   1.375   |   0.938   |   2.580
96.  	BENEVENTO             |    55.707     |      36.446       |   1.449   |   1.423   |   0.982   |   2.794
97.  	BRAGANTINO            |    54.795     |      36.150       |   1.429   |   1.332   |   0.932   |   2.483
98.  	NANTES                |    54.693     |      36.169       |   1.429   |   1.316   |   0.921   |   2.423
99.  	CAGLIARI              |    55.165     |      35.498       |   1.403   |   1.467   |   1.046   |   3.069
100.  	ARMINIA               |    53.597     |      36.037       |   1.415   |   1.188   |   0.840   |   1.995
101.  	SPEZIA                |    53.737     |      34.998       |   1.369   |   1.328   |   0.970   |   2.578
102.  	GENOA                 |    53.452     |      34.794       |   1.358   |   1.315   |   0.968   |   2.545
103.  	VITORIA DE GUIMARAES  |    52.925     |      34.772       |   1.352   |   1.247   |   0.922   |   2.299
104.  	WEST BROM             |    52.995     |      34.333       |   1.335   |   1.309   |   0.981   |   2.569
105.  	PACOS DE FERREIRA     |    52.211     |      34.178       |   1.320   |   1.223   |   0.927   |   2.268
106.  	FLUMINENSE            |    51.704     |      33.568       |   1.290   |   1.230   |   0.953   |   2.345
107.  	CEARA                 |    51.414     |      32.981       |   1.265   |   1.264   |   0.999   |   2.524
108.  	ATHLETICO-PR          |    50.584     |      33.462       |   1.271   |   1.100   |   0.865   |   1.902
109.  	SANTOS                |    51.342     |      32.957       |   1.264   |   1.257   |   0.995   |   2.501
110.  	SCHALKE 04            |    51.642     |      32.757       |   1.261   |   1.324   |   1.050   |   2.782
111.  	CORINTHIANS           |    50.747     |      32.690       |   1.246   |   1.211   |   0.972   |   2.353
112.  	LORIENT               |    50.325     |      31.582       |   1.205   |   1.296   |   1.075   |   2.787
113.  	PARMA                 |    50.065     |      31.590       |   1.201   |   1.259   |   1.048   |   2.638
114.  	CROTONE               |    49.500     |      31.092       |   1.178   |   1.247   |   1.058   |   2.639
115.  	RIO AVE               |    48.703     |      31.534       |   1.176   |   1.087   |   0.924   |   2.008
116.  	FORTALEZA             |    47.742     |      31.031       |   1.144   |   1.027   |   0.898   |   1.843
117.  	DIJON                 |    47.150     |      30.328       |   1.114   |   1.036   |   0.930   |   1.926
118.  	BAHIA                 |    47.237     |      28.758       |   1.081   |   1.251   |   1.158   |   2.898
119.  	FAMALICAO             |    45.723     |      28.121       |   1.037   |   1.130   |   1.090   |   2.463
120.  	PORTIMONENSE          |    44.831     |      28.183       |   1.017   |   1.006   |   0.989   |   1.990
121.  	NIMES                 |    44.716     |      26.870       |   0.994   |   1.167   |   1.173   |   2.738
122.  	ATLETICO-GO           |    43.875     |      27.339       |   0.980   |   0.991   |   1.011   |   2.004
123.  	MARITIMO              |    43.595     |      27.034       |   0.968   |   0.994   |   1.027   |   2.041
124.  	GIL VICENTE           |    42.889     |      26.776       |   0.947   |   0.939   |   0.992   |   1.861
125.  	SANTA CLARA           |    42.863     |      26.076       |   0.938   |   1.026   |   1.093   |   2.243
126.  	VASCO                 |    42.490     |      25.657       |   0.924   |   1.034   |   1.118   |   2.312
127.  	MOREIRENSE            |    41.592     |      25.925       |   0.901   |   0.885   |   0.982   |   1.739
128.  	FARENSE               |    41.611     |      24.634       |   0.893   |   1.061   |   1.188   |   2.521
129.  	BOAVISTA              |    41.137     |      24.907       |   0.881   |   0.959   |   1.088   |   2.087
130.  	BOTAFOGO              |    41.236     |      24.285       |   0.881   |   1.061   |   1.205   |   2.556
131.  	GOIAS                 |    39.927     |      23.278       |   0.840   |   1.031   |   1.227   |   2.530
132.  	BELENENSES            |    38.093     |      23.771       |   0.780   |   0.734   |   0.940   |   1.380
133.  	CORITIBA              |    38.846     |      23.180       |   0.806   |   0.899   |   1.115   |   2.005
134.  	SPORT                 |    38.171     |      22.586       |   0.785   |   0.895   |   1.139   |   2.039
135.  	TONDELA               |    36.473     |      20.741       |   0.738   |   0.944   |   1.279   |   2.414
136.  	NACIONAL              |    34.641     |      19.660       |   0.684   |   0.861   |   1.258   |   2.166

============================================================================================================================

#           Club              |  SPI Default  |  SPI Round-Robin  |   Power   |    ATK    |    DEF    |    OFF
1.  	FLAMENGO              |    69.333     |      62.701       |   2.269   |   1.906   |   0.840   |   3.202
2.  	ATLETICO-MG           |    65.276     |      58.524       |   1.995   |   1.728   |   0.866   |   2.992
3.  	SAO PAULO             |    63.998     |      57.686       |   2.012   |   1.548   |   0.769   |   2.382
4.  	GREMIO                |    62.654     |      56.490       |   1.960   |   1.454   |   0.742   |   2.156
5.  	PALMEIRAS             |    61.844     |      55.508       |   1.874   |   1.465   |   0.782   |   2.292
6.  	INTERNACIONAL         |    61.311     |      54.979       |   1.843   |   1.444   |   0.783   |   2.262
7.  	BRAGANTINO            |    54.795     |      48.051       |   1.429   |   1.332   |   0.932   |   2.483
8.  	FLUMINENSE            |    51.704     |      45.035       |   1.290   |   1.230   |   0.953   |   2.345
9.  	CEARA                 |    51.414     |      44.592       |   1.265   |   1.264   |   0.999   |   2.524
10.  	SANTOS                |    51.342     |      44.539       |   1.264   |   1.257   |   0.995   |   2.501
11.  	ATHLETICO-PR          |    50.584     |      44.325       |   1.271   |   1.100   |   0.865   |   1.902
12.  	CORINTHIANS           |    50.747     |      44.065       |   1.246   |   1.211   |   0.972   |   2.353
13.  	FORTALEZA             |    47.742     |      41.529       |   1.144   |   1.027   |   0.898   |   1.843
14.  	BAHIA                 |    47.237     |      40.153       |   1.081   |   1.251   |   1.158   |   2.898
15.  	ATLETICO-GO           |    43.875     |      37.535       |   0.980   |   0.991   |   1.011   |   2.004
16.  	VASCO                 |    42.490     |      35.924       |   0.924   |   1.034   |   1.118   |   2.312
17.  	BOTAFOGO              |    41.236     |      34.532       |   0.881   |   1.061   |   1.205   |   2.556
18.  	GOIAS                 |    39.927     |      33.290       |   0.840   |   1.031   |   1.227   |   2.530
19.  	CORITIBA              |    38.846     |      32.633       |   0.806   |   0.899   |   1.115   |   2.005
20.  	SPORT                 |    38.171     |      31.957       |   0.785   |   0.895   |   1.139   |   2.039

============================================================================================================================

#           Club              |  SPI Default  |  SPI Round-Robin  |   Power   |    ATK    |    DEF    |    OFF
1.  	MANCHESTER CITY       |    93.668     |      75.001       |   9.107   |   3.351   |   0.368   |   2.466
2.  	LIVERPOOL             |    91.038     |      67.411       |   6.358   |   3.185   |   0.501   |   3.190
3.  	CHELSEA               |    86.691     |      60.008       |   4.988   |   2.720   |   0.545   |   2.968
4.  	MANCHESTER UNITED     |    85.988     |      58.628       |   4.741   |   2.687   |   0.567   |   3.045
5.  	TOTTENHAM             |    81.672     |      53.080       |   3.992   |   2.328   |   0.583   |   2.716
6.  	LEICESTER             |    80.148     |      51.025       |   3.725   |   2.242   |   0.602   |   2.698
7.  	ARSENAL               |    79.019     |      50.738       |   3.742   |   2.092   |   0.559   |   2.340
8.  	ASTON VILLA           |    79.547     |      49.988       |   3.588   |   2.229   |   0.621   |   2.770
9.  	WEST HAM              |    76.651     |      46.819       |   3.236   |   2.049   |   0.633   |   2.595
10.  	SOUTHAMPTON           |    75.544     |      46.172       |   3.180   |   1.948   |   0.613   |   2.386
11.  	EVERTON               |    75.666     |      45.277       |   3.062   |   2.031   |   0.664   |   2.696
12.  	BRIGHTON              |    72.674     |      42.242       |   2.760   |   1.874   |   0.679   |   2.546
13.  	WOLVERHAMPTON         |    71.140     |      41.601       |   2.706   |   1.739   |   0.642   |   2.234
14.  	LEEDS                 |    73.680     |      40.695       |   2.605   |   2.129   |   0.817   |   3.480
15.  	CRYSTAL PALACE        |    65.247     |      34.617       |   2.090   |   1.605   |   0.768   |   2.466
16.  	FULHAM                |    63.102     |      33.405       |   1.983   |   1.478   |   0.745   |   2.202
17.  	BURNLEY               |    61.411     |      32.963       |   1.931   |   1.349   |   0.698   |   1.884
18.  	NEWCASTLE             |    60.569     |      30.406       |   1.771   |   1.456   |   0.822   |   2.395
19.  	SHEFFIELD UNITED      |    59.284     |      30.282       |   1.740   |   1.344   |   0.772   |   2.076
20.  	WEST BROM             |    52.995     |      23.512       |   1.335   |   1.309   |   0.981   |   2.569

============================================================================================================================

#           Club              |  SPI Default  |  SPI Round-Robin  |   Power   |    ATK    |    DEF    |    OFF
1.  	BAYERN MUNCHEN        |    92.298     |      75.151       |   6.294   |   3.533   |   0.561   |   3.966
2.  	DORTMUND              |    85.824     |      65.270       |   4.713   |   2.670   |   0.566   |   3.025
3.  	LEIPZIG               |    84.447     |      64.390       |   4.738   |   2.448   |   0.517   |   2.529
4.  	BAYER LEVERKUSEN      |    78.562     |      56.056       |   3.553   |   2.120   |   0.597   |   2.531
5.  	MONCHENGLADBACH       |    76.685     |      51.801       |   3.006   |   2.199   |   0.731   |   3.216
6.  	WOLFSBURG             |    74.381     |      50.110       |   2.887   |   1.989   |   0.689   |   2.741
7.  	EINTRACHT FRANKFURT   |    75.066     |      49.880       |   2.832   |   2.116   |   0.747   |   3.162
8.  	UNION BERLIN          |    71.239     |      46.566       |   2.572   |   1.849   |   0.719   |   2.659
9.  	STUTTGART             |    71.318     |      44.856       |   2.404   |   2.017   |   0.839   |   3.383
10.  	FREIBURG              |    70.350     |      44.434       |   2.380   |   1.916   |   0.805   |   3.085
11.  	HERTHA BERLIN         |    68.883     |      44.188       |   2.379   |   1.739   |   0.731   |   2.543
12.  	HOFFENHEIM            |    67.698     |      41.050       |   2.129   |   1.864   |   0.876   |   3.264
13.  	WERDER BREMEN         |    63.404     |      38.524       |   1.954   |   1.548   |   0.792   |   2.452
14.  	AUGSBURG              |    57.661     |      32.836       |   1.587   |   1.393   |   0.877   |   2.443
15.  	KOLN                  |    57.703     |      32.752       |   1.584   |   1.405   |   0.887   |   2.491
16.  	MAINZ                 |    57.487     |      31.656       |   1.535   |   1.482   |   0.966   |   2.863
17.  	ARMINIA               |    53.597     |      30.289       |   1.415   |   1.188   |   0.840   |   1.995
18.  	SCHALKE 04            |    51.642     |      26.600       |   1.261   |   1.324   |   1.050   |   2.782

============================================================================================================================

#           Club              |  SPI Default  |  SPI Round-Robin  |   Power   |    ATK    |    DEF    |    OFF
1.  	PORTO                 |    75.285     |      70.637       |   2.912   |   2.084   |   0.716   |   2.982
2.  	BENFICA               |    74.243     |      69.726       |   2.892   |   1.969   |   0.681   |   2.680
3.  	SPORTING              |    69.123     |      64.674       |   2.470   |   1.689   |   0.684   |   2.310
4.  	BRAGA                 |    63.115     |      58.339       |   1.893   |   1.596   |   0.843   |   2.691
5.  	VITORIA DE GUIMARAES  |    52.925     |      48.440       |   1.352   |   1.247   |   0.922   |   2.299
6.  	PACOS DE FERREIRA     |    52.211     |      47.756       |   1.320   |   1.223   |   0.927   |   2.268
7.  	RIO AVE               |    48.703     |      44.467       |   1.176   |   1.087   |   0.924   |   2.008
8.  	FAMALICAO             |    45.723     |      41.362       |   1.037   |   1.130   |   1.090   |   2.463
9.  	PORTIMONENSE          |    44.831     |      40.716       |   1.017   |   1.006   |   0.989   |   1.990
10.  	MARITIMO              |    43.595     |      39.498       |   0.968   |   0.994   |   1.027   |   2.041
11.  	GIL VICENTE           |    42.889     |      38.905       |   0.947   |   0.939   |   0.992   |   1.861
12.  	SANTA CLARA           |    42.863     |      38.706       |   0.938   |   1.026   |   1.093   |   2.243
13.  	MOREIRENSE            |    41.592     |      37.717       |   0.901   |   0.885   |   0.982   |   1.739
14.  	FARENSE               |    41.611     |      37.405       |   0.893   |   1.061   |   1.188   |   2.521
15.  	BOAVISTA              |    41.137     |      37.118       |   0.881   |   0.959   |   1.088   |   2.087
16.  	BELENENSES            |    38.093     |      34.541       |   0.780   |   0.734   |   0.940   |   1.380
17.  	TONDELA               |    36.473     |      32.581       |   0.738   |   0.944   |   1.279   |   2.414
18.  	NACIONAL              |    34.641     |      30.931       |   0.684   |   0.861   |   1.258   |   2.166

============================================================================================================================

#           Club              |  SPI Default  |  SPI Round-Robin  |   Power   |    ATK    |    DEF    |    OFF
1.  	BARCELONA             |    92.574     |      71.614       |   6.593   |   3.526   |   0.535   |   3.772
2.  	ATL MADRID            |    87.527     |      65.934       |   6.119   |   2.567   |   0.419   |   2.154
3.  	REAL MADRID           |    87.622     |      64.881       |   5.638   |   2.691   |   0.477   |   2.569
4.  	REAL SOCIEDAD         |    82.214     |      56.908       |   4.254   |   2.299   |   0.540   |   2.486
5.  	SEVILLA               |    80.907     |      56.180       |   4.241   |   2.137   |   0.504   |   2.153
6.  	VILLARREAL            |    81.350     |      55.451       |   4.020   |   2.274   |   0.566   |   2.571
7.  	ATL BILBAO            |    71.299     |      44.505       |   2.765   |   1.718   |   0.621   |   2.134
8.  	CELTA                 |    72.615     |      43.839       |   2.664   |   1.940   |   0.728   |   2.826
9.  	BETIS                 |    72.372     |      43.383       |   2.620   |   1.946   |   0.743   |   2.892
10.  	GETAFE                |    68.101     |      42.725       |   2.613   |   1.487   |   0.569   |   1.691
11.  	EIBAR                 |    66.485     |      40.388       |   2.375   |   1.483   |   0.624   |   1.851
12.  	LEVANTE               |    68.822     |      39.490       |   2.286   |   1.822   |   0.797   |   2.904
13.  	VALENCIA              |    67.749     |      38.654       |   2.219   |   1.762   |   0.794   |   2.799
14.  	OSASUNA               |    65.805     |      38.252       |   2.184   |   1.571   |   0.719   |   2.260
15.  	GRANADA               |    66.802     |      38.120       |   2.176   |   1.695   |   0.779   |   2.640
16.  	ALAVES                |    64.133     |      36.942       |   2.076   |   1.494   |   0.720   |   2.150
17.  	CADIZ                 |    61.196     |      35.619       |   1.957   |   1.299   |   0.664   |   1.725
18.  	VALLADOLID            |    60.085     |      33.113       |   1.782   |   1.380   |   0.774   |   2.136
19.  	HUESCA                |    59.604     |      32.487       |   1.741   |   1.382   |   0.794   |   2.194
20.  	ELCHE                 |    55.382     |      29.004       |   1.500   |   1.256   |   0.837   |   2.104

============================================================================================================================

#           Club              |  SPI Default  |  SPI Round-Robin  |   Power   |    ATK    |    DEF    |    OFF
1.  	ATALANTA              |    83.463     |      66.798       |   3.969   |   2.603   |   0.656   |   3.413
2.  	NAPOLI                |    81.704     |      65.430       |   3.934   |   2.358   |   0.599   |   2.827
3.  	JUVENTUS              |    81.955     |      65.162       |   3.819   |   2.447   |   0.641   |   3.137
4.  	INTER                 |    82.476     |      64.886       |   3.671   |   2.607   |   0.710   |   3.702
5.  	MILAN                 |    80.547     |      62.634       |   3.455   |   2.441   |   0.707   |   3.450
6.  	ROMA                  |    77.083     |      58.237       |   3.018   |   2.244   |   0.744   |   3.337
7.  	LAZIO                 |    71.793     |      52.402       |   2.542   |   1.942   |   0.764   |   2.969
8.  	SASSUOLO              |    65.650     |      44.520       |   1.962   |   1.826   |   0.931   |   3.400
9.  	FIORENTINA            |    63.357     |      44.047       |   1.957   |   1.539   |   0.787   |   2.422
10.  	UDINESE               |    61.329     |      41.888       |   1.817   |   1.482   |   0.816   |   2.417
11.  	BOLOGNA               |    60.440     |      39.991       |   1.700   |   1.559   |   0.917   |   2.860
12.  	HELLAS VERONA         |    58.821     |      39.527       |   1.674   |   1.390   |   0.830   |   2.309
13.  	TORINO                |    58.999     |      38.522       |   1.617   |   1.519   |   0.939   |   2.855
14.  	SAMPDORIA             |    58.796     |      38.140       |   1.597   |   1.533   |   0.960   |   2.944
15.  	BENEVENTO             |    55.707     |      35.351       |   1.449   |   1.423   |   0.982   |   2.794
16.  	CAGLIARI              |    55.165     |      34.318       |   1.403   |   1.467   |   1.046   |   3.069
17.  	SPEZIA                |    53.737     |      33.863       |   1.369   |   1.328   |   0.970   |   2.578
18.  	GENOA                 |    53.452     |      33.654       |   1.358   |   1.315   |   0.968   |   2.545
19.  	PARMA                 |    50.065     |      30.289       |   1.201   |   1.259   |   1.048   |   2.638
20.  	CROTONE               |    49.500     |      29.769       |   1.178   |   1.247   |   1.058   |   2.639

============================================================================================================================

#           Club              |  SPI Default  |  SPI Round-Robin  |   Power   |    ATK    |    DEF    |    OFF
1.  	PSG                   |    86.003     |      73.116       |   4.769   |   2.679   |   0.562   |   3.010
2.  	LYON                  |    78.370     |      63.479       |   3.443   |   2.151   |   0.625   |   2.688
3.  	MONACO                |    74.891     |      57.812       |   2.718   |   2.189   |   0.805   |   3.525
4.  	LILLE                 |    72.172     |      57.077       |   2.856   |   1.756   |   0.615   |   2.159
5.  	RENNES                |    67.892     |      52.178       |   2.395   |   1.614   |   0.674   |   2.175
6.  	MARSEILLE             |    68.076     |      52.053       |   2.366   |   1.658   |   0.701   |   2.325
7.  	LENS                  |    62.921     |      46.177       |   1.919   |   1.535   |   0.800   |   2.456
8.  	STRASBOURG            |    61.936     |      44.513       |   1.801   |   1.584   |   0.880   |   2.786
9.  	BORDEAUX              |    60.168     |      44.346       |   1.820   |   1.340   |   0.736   |   1.974
10.  	MONTPELLIER           |    61.190     |      42.953       |   1.701   |   1.664   |   0.978   |   3.256
11.  	ST ETIENNE            |    58.741     |      42.316       |   1.682   |   1.367   |   0.813   |   2.221
12.  	ANGERS                |    58.643     |      42.119       |   1.669   |   1.375   |   0.824   |   2.266
13.  	METZ                  |    57.223     |      41.467       |   1.636   |   1.252   |   0.765   |   1.914
14.  	REIMS                 |    57.667     |      40.549       |   1.574   |   1.420   |   0.902   |   2.560
15.  	BREST                 |    58.485     |      40.107       |   1.549   |   1.602   |   1.035   |   3.317
16.  	NICE                  |    55.663     |      38.514       |   1.465   |   1.375   |   0.938   |   2.580
17.  	NANTES                |    54.693     |      37.852       |   1.429   |   1.316   |   0.921   |   2.423
18.  	LORIENT               |    50.325     |      33.041       |   1.205   |   1.296   |   1.075   |   2.787
19.  	DIJON                 |    47.150     |      31.662       |   1.114   |   1.036   |   0.930   |   1.926
20.  	NIMES                 |    44.716     |      28.035       |   0.994   |   1.167   |   1.173   |   2.738
