#           Club              |  SPI Default  |  SPI Round-Robin  |   Power   |    ATK    |    DEF    |    OFF
1.  	BAYERN MUNCHEN        |    94.532     |      83.498       |   7.449   |   3.998   |   0.537   |   4.292
2.  	MANCHESTER CITY       |    93.601     |      82.579       |   7.721   |   3.569   |   0.462   |   3.300
3.  	LIVERPOOL             |    91.803     |      78.502       |   6.082   |   3.458   |   0.569   |   3.932
4.  	BARCELONA             |    90.583     |      77.431       |   6.180   |   3.126   |   0.506   |   3.164
5.  	REAL MADRID           |    88.781     |      75.711       |   6.171   |   2.768   |   0.449   |   2.483
6.  	PSG                   |    89.294     |      74.863       |   5.411   |   3.073   |   0.568   |   3.490
7.  	ATL MADRID            |    86.318     |      72.421       |   5.482   |   2.520   |   0.460   |   2.317
8.  	CHELSEA               |    86.956     |      71.268       |   4.715   |   2.866   |   0.608   |   3.483
9.  	LEIPZIG               |    86.116     |      71.010       |   4.882   |   2.659   |   0.545   |   2.897
10.  	DORTMUND              |    85.498     |      70.205       |   4.751   |   2.603   |   0.548   |   2.854
11.  	MANCHESTER UNITED     |    84.277     |      67.526       |   4.135   |   2.653   |   0.642   |   3.405
12.  	TOTTENHAM             |    83.656     |      66.913       |   4.083   |   2.578   |   0.632   |   3.257
13.  	INTER                 |    83.611     |      65.781       |   3.784   |   2.726   |   0.721   |   3.928
14.  	JUVENTUS              |    82.885     |      65.924       |   3.951   |   2.522   |   0.638   |   3.220
15.  	NAPOLI                |    82.386     |      65.912       |   4.047   |   2.405   |   0.594   |   2.858
16.  	MILAN                 |    81.967     |      64.508       |   3.736   |   2.492   |   0.667   |   3.324
17.  	ARSENAL               |    81.249     |      64.727       |   3.923   |   2.300   |   0.586   |   2.698
18.  	SEVILLA               |    80.396     |      64.796       |   4.125   |   2.114   |   0.512   |   2.166
19.  	REAL SOCIEDAD         |    79.832     |      63.712       |   3.899   |   2.128   |   0.546   |   2.322
20.  	ATALANTA              |    80.367     |      61.571       |   3.300   |   2.515   |   0.762   |   3.834
21.  	BENFICA               |    79.121     |      61.583       |   3.457   |   2.241   |   0.648   |   2.904
22.  	EVERTON               |    79.049     |      61.281       |   3.399   |   2.263   |   0.666   |   3.014
23.  	VILLARREAL            |    78.686     |      61.017       |   3.388   |   2.221   |   0.656   |   2.913
24.  	LEICESTER             |    78.201     |      60.442       |   3.324   |   2.194   |   0.660   |   2.897
25.  	WEST HAM              |    77.573     |      59.105       |   3.126   |   2.234   |   0.715   |   3.194
26.  	BAYER LEVERKUSEN      |    76.523     |      59.401       |   3.305   |   1.997   |   0.604   |   2.413
27.  	LYON                  |    75.873     |      58.958       |   3.287   |   1.930   |   0.587   |   2.267
28.  	MONCHENGLADBACH       |    75.974     |      57.761       |   3.033   |   2.088   |   0.688   |   2.873
29.  	PORTO                 |    75.979     |      57.742       |   3.030   |   2.091   |   0.690   |   2.886
30.  	SOUTHAMPTON           |    75.227     |      57.151       |   2.992   |   2.022   |   0.676   |   2.733
31.  	ASTON VILLA           |    74.146     |      56.207       |   2.920   |   1.939   |   0.664   |   2.574
32.  	ROMA                  |    74.643     |      55.233       |   2.727   |   2.147   |   0.787   |   3.382
33.  	WOLVERHAMPTON         |    72.955     |      56.168       |   3.026   |   1.745   |   0.576   |   2.012
34.  	BRIGHTON              |    73.644     |      54.855       |   2.738   |   2.009   |   0.734   |   2.947
35.  	EINTRACHT FRANKFURT   |    73.514     |      54.583       |   2.706   |   2.018   |   0.746   |   3.010
36.  	GETAFE                |    71.747     |      55.884       |   3.100   |   1.590   |   0.513   |   1.630
37.  	BETIS                 |    72.108     |      53.636       |   2.657   |   1.884   |   0.709   |   2.672
38.  	GRANADA               |    72.020     |      53.672       |   2.668   |   1.865   |   0.699   |   2.608
39.  	LILLE                 |    70.929     |      53.390       |   2.700   |   1.720   |   0.637   |   2.192
40.  	WOLFSBURG             |    71.049     |      53.222       |   2.665   |   1.757   |   0.659   |   2.317
41.  	HOFFENHEIM            |    71.961     |      52.299       |   2.484   |   2.019   |   0.813   |   3.282
42.  	LAZIO                 |    71.034     |      51.765       |   2.462   |   1.922   |   0.781   |   3.000
43.  	LEEDS                 |    70.615     |      51.668       |   2.470   |   1.862   |   0.754   |   2.808
44.  	ATL BILBAO            |    69.498     |      52.298       |   2.626   |   1.618   |   0.616   |   1.993
45.  	FLAMENGO              |    70.393     |      51.323       |   2.437   |   1.866   |   0.766   |   2.857
46.  	RENNES                |    69.827     |      51.503       |   2.489   |   1.753   |   0.704   |   2.469
47.  	OSASUNA               |    69.413     |      51.758       |   2.548   |   1.661   |   0.652   |   2.166
48.  	HERTHA BERLIN         |    70.110     |      50.670       |   2.370   |   1.896   |   0.800   |   3.033
49.  	CELTA                 |    67.902     |      49.873       |   2.370   |   1.635   |   0.690   |   2.257
50.  	FIORENTINA            |    68.135     |      48.794       |   2.235   |   1.793   |   0.802   |   2.878
51.  	SASSUOLO              |    68.906     |      47.663       |   2.104   |   2.068   |   0.983   |   4.066
52.  	MARSEILLE             |    67.019     |      48.175       |   2.206   |   1.689   |   0.766   |   2.587
53.  	MONACO                |    67.356     |      47.667       |   2.143   |   1.802   |   0.841   |   3.030
54.  	CADIZ                 |    65.367     |      48.317       |   2.286   |   1.437   |   0.628   |   1.806
55.  	ATLETICO-MG           |    66.687     |      46.904       |   2.087   |   1.786   |   0.856   |   3.056
56.  	VALENCIA              |    66.181     |      47.250       |   2.135   |   1.666   |   0.780   |   2.601
57.  	CRYSTAL PALACE        |    65.265     |      46.908       |   2.126   |   1.568   |   0.738   |   2.313
58.  	NEWCASTLE             |    65.371     |      46.131       |   2.047   |   1.671   |   0.816   |   2.729
59.  	BURNLEY               |    64.805     |      46.403       |   2.088   |   1.557   |   0.746   |   2.321
60.  	STUTTGART             |    65.667     |      45.573       |   1.991   |   1.785   |   0.896   |   3.199
61.  	UNION BERLIN          |    64.850     |      45.911       |   2.038   |   1.618   |   0.794   |   2.568
62.  	LEVANTE               |    64.979     |      45.483       |   1.997   |   1.687   |   0.845   |   2.850
63.  	MONTPELLIER           |    64.516     |      45.040       |   1.967   |   1.668   |   0.848   |   2.830
64.  	EIBAR                 |    63.392     |      45.797       |   2.065   |   1.424   |   0.690   |   1.965
65.  	WERDER BREMEN         |    64.254     |      44.773       |   1.949   |   1.660   |   0.852   |   2.827
66.  	SHEFFIELD UNITED      |    63.146     |      45.118       |   2.003   |   1.461   |   0.729   |   2.132
67.  	ALAVES                |    62.679     |      44.833       |   1.986   |   1.427   |   0.719   |   2.051
68.  	LENS                  |    62.850     |      44.556       |   1.957   |   1.480   |   0.756   |   2.238
69.  	INTERNACIONAL         |    62.811     |      44.568       |   1.959   |   1.473   |   0.752   |   2.216
70.  	FREIBURG              |    63.569     |      43.809       |   1.882   |   1.670   |   0.888   |   2.965
71.  	HUESCA                |    62.100     |      44.213       |   1.940   |   1.414   |   0.729   |   2.060
72.  	GREMIO                |    62.121     |      43.925       |   1.914   |   1.447   |   0.756   |   2.188
73.  	SPORTING              |    62.005     |      43.649       |   1.892   |   1.461   |   0.772   |   2.255
74.  	AUGSBURG              |    62.150     |      43.074       |   1.843   |   1.545   |   0.838   |   2.591
75.  	VALLADOLID            |    61.443     |      43.491       |   1.888   |   1.401   |   0.742   |   2.080
76.  	KOLN                  |    62.321     |      42.241       |   1.781   |   1.671   |   0.938   |   3.135
77.  	SAMPDORIA             |    62.172     |      42.245       |   1.782   |   1.647   |   0.924   |   3.045
78.  	SAO PAULO             |    60.734     |      42.775       |   1.838   |   1.382   |   0.752   |   2.078
79.  	BRAGA                 |    60.846     |      41.269       |   1.726   |   1.567   |   0.908   |   2.847
80.  	BORDEAUX              |    59.398     |      41.842       |   1.779   |   1.305   |   0.733   |   1.913
81.  	FULHAM                |    59.867     |      40.765       |   1.698   |   1.485   |   0.875   |   2.599
82.  	BOLOGNA               |    60.313     |      40.325       |   1.668   |   1.604   |   0.962   |   3.084
83.  	ST ETIENNE            |    59.151     |      40.644       |   1.693   |   1.399   |   0.827   |   2.313
84.  	ELCHE                 |    58.598     |      40.673       |   1.698   |   1.323   |   0.779   |   2.061
85.  	NICE                  |    59.168     |      40.095       |   1.657   |   1.464   |   0.884   |   2.588
86.  	WEST BROM             |    58.476     |      39.463       |   1.620   |   1.441   |   0.890   |   2.564
87.  	PALMEIRAS             |    57.763     |      39.326       |   1.612   |   1.359   |   0.843   |   2.291
88.  	HELLAS VERONA         |    57.776     |      39.054       |   1.596   |   1.392   |   0.872   |   2.427
89.  	ARMINIA               |    57.640     |      39.113       |   1.600   |   1.366   |   0.854   |   2.334
90.  	UDINESE               |    57.350     |      38.768       |   1.579   |   1.366   |   0.865   |   2.364
91.  	ANGERS                |    57.466     |      38.643       |   1.572   |   1.396   |   0.888   |   2.481
92.  	NANTES                |    57.096     |      38.424       |   1.559   |   1.371   |   0.879   |   2.411
93.  	CAGLIARI              |    57.159     |      37.791       |   1.525   |   1.455   |   0.954   |   2.777
94.  	TORINO                |    57.287     |      37.185       |   1.496   |   1.551   |   1.037   |   3.216
95.  	SCHALKE 04            |    56.544     |      37.136       |   1.490   |   1.448   |   0.972   |   2.815
96.  	MAINZ                 |    56.254     |      36.626       |   1.464   |   1.470   |   1.004   |   2.953
97.  	METZ                  |    55.120     |      37.292       |   1.491   |   1.238   |   0.830   |   2.055
98.  	STRASBOURG            |    55.711     |      36.708       |   1.465   |   1.383   |   0.944   |   2.613
99.  	BREST                 |    55.761     |      36.085       |   1.436   |   1.468   |   1.022   |   3.001
100.  	PARMA                 |    55.714     |      35.519       |   1.412   |   1.536   |   1.088   |   3.342
101.  	BENEVENTO             |    55.421     |      35.521       |   1.409   |   1.492   |   1.058   |   3.158
102.  	NIMES                 |    54.601     |      35.737       |   1.412   |   1.347   |   0.954   |   2.572
103.  	GENOA                 |    54.467     |      34.689       |   1.367   |   1.462   |   1.069   |   3.124
104.  	LORIENT               |    54.474     |      34.677       |   1.367   |   1.464   |   1.071   |   3.136
105.  	VITORIA DE GUIMARAES  |    52.672     |      35.094       |   1.366   |   1.169   |   0.856   |   2.001
106.  	REIMS                 |    52.733     |      34.416       |   1.338   |   1.254   |   0.937   |   2.350
107.  	SANTOS                |    52.740     |      34.326       |   1.335   |   1.266   |   0.948   |   2.400
108.  	FLUMINENSE            |    52.032     |      33.811       |   1.307   |   1.233   |   0.944   |   2.328
109.  	ATHLETICO-PR          |    51.128     |      34.021       |   1.304   |   1.096   |   0.841   |   1.843
110.  	FORTALEZA             |    50.709     |      33.781       |   1.289   |   1.072   |   0.832   |   1.782
111.  	CROTONE               |    51.454     |      32.847       |   1.265   |   1.274   |   1.007   |   2.565
112.  	RIO AVE               |    51.174     |      32.787       |   1.259   |   1.243   |   0.988   |   2.457
113.  	SPEZIA                |    50.767     |      32.102       |   1.231   |   1.274   |   1.035   |   2.638
114.  	BRAGANTINO            |    49.439     |      31.169       |   1.182   |   1.213   |   1.026   |   2.490
115.  	CEARA                 |    48.877     |      31.096       |   1.170   |   1.148   |   0.981   |   2.253
116.  	BAHIA                 |    49.280     |      30.755       |   1.168   |   1.245   |   1.066   |   2.653
117.  	FAMALICAO             |    49.244     |      30.376       |   1.158   |   1.290   |   1.114   |   2.876
118.  	CORINTHIANS           |    48.186     |      30.173       |   1.133   |   1.172   |   1.034   |   2.425
119.  	SANTA CLARA           |    46.850     |      29.402       |   1.089   |   1.094   |   1.005   |   2.200
120.  	DIJON                 |    46.886     |      29.000       |   1.081   |   1.150   |   1.064   |   2.447
121.  	BOTAFOGO              |    45.542     |      27.975       |   1.032   |   1.105   |   1.071   |   2.367
122.  	VASCO                 |    44.594     |      27.080       |   0.996   |   1.098   |   1.102   |   2.421
123.  	GIL VICENTE           |    43.922     |      27.022       |   0.979   |   1.018   |   1.040   |   2.118
124.  	ATLETICO-GO           |    43.937     |      26.920       |   0.978   |   1.033   |   1.056   |   2.183
125.  	MOREIRENSE            |    43.651     |      26.906       |   0.970   |   0.998   |   1.029   |   2.055
126.  	PORTIMONENSE          |    43.437     |      26.298       |   0.957   |   1.050   |   1.096   |   2.301
127.  	PACOS DE FERREIRA     |    43.254     |      25.748       |   0.947   |   1.101   |   1.162   |   2.559
128.  	BELENENSES            |    41.577     |      25.736       |   0.901   |   0.888   |   0.985   |   1.749
129.  	MARITIMO              |    41.643     |      24.873       |   0.896   |   1.006   |   1.122   |   2.259
130.  	FARENSE               |    41.611     |      24.105       |   0.891   |   1.113   |   1.249   |   2.779
131.  	CORITIBA              |    40.210     |      23.953       |   0.850   |   0.944   |   1.111   |   2.099
132.  	BOAVISTA              |    39.489     |      23.142       |   0.827   |   0.962   |   1.164   |   2.241
133.  	SPORT                 |    39.631     |      22.995       |   0.831   |   1.003   |   1.207   |   2.422
134.  	NACIONAL              |    39.612     |      22.815       |   0.830   |   1.027   |   1.237   |   2.543
135.  	GOIAS                 |    38.581     |      21.608       |   0.801   |   1.072   |   1.339   |   2.869
136.  	TONDELA               |    37.662     |      21.345       |   0.772   |   0.982   |   1.271   |   2.495

============================================================================================================================

#           Club              |  SPI Default  |  SPI Round-Robin  |   Power   |    ATK    |    DEF    |    OFF
1.  	FLAMENGO              |    70.393     |      63.999       |   2.437   |   1.866   |   0.766   |   2.857
2.  	ATLETICO-MG           |    66.687     |      59.871       |   2.087   |   1.786   |   0.856   |   3.056
3.  	INTERNACIONAL         |    62.811     |      56.496       |   1.959   |   1.473   |   0.752   |   2.216
4.  	GREMIO                |    62.121     |      55.801       |   1.914   |   1.447   |   0.756   |   2.188
5.  	SAO PAULO             |    60.734     |      54.464       |   1.838   |   1.382   |   0.752   |   2.078
6.  	PALMEIRAS             |    57.763     |      51.174       |   1.612   |   1.359   |   0.843   |   2.291
7.  	SANTOS                |    52.740     |      45.944       |   1.335   |   1.266   |   0.948   |   2.400
8.  	FLUMINENSE            |    52.032     |      45.291       |   1.307   |   1.233   |   0.944   |   2.328
9.  	ATHLETICO-PR          |    51.128     |      44.852       |   1.304   |   1.096   |   0.841   |   1.843
10.  	FORTALEZA             |    50.709     |      44.496       |   1.289   |   1.072   |   0.832   |   1.782
11.  	BRAGANTINO            |    49.439     |      42.549       |   1.182   |   1.213   |   1.026   |   2.490
12.  	BAHIA                 |    49.280     |      42.261       |   1.168   |   1.245   |   1.066   |   2.653
13.  	CEARA                 |    48.877     |      42.188       |   1.170   |   1.148   |   0.981   |   2.253
14.  	CORINTHIANS           |    48.186     |      41.352       |   1.133   |   1.172   |   1.034   |   2.425
15.  	BOTAFOGO              |    45.542     |      38.780       |   1.032   |   1.105   |   1.071   |   2.367
16.  	VASCO                 |    44.594     |      37.806       |   0.996   |   1.098   |   1.102   |   2.421
17.  	ATLETICO-GO           |    43.937     |      37.353       |   0.978   |   1.033   |   1.056   |   2.183
18.  	CORITIBA              |    40.210     |      33.788       |   0.850   |   0.944   |   1.111   |   2.099
19.  	SPORT                 |    39.631     |      32.983       |   0.831   |   1.003   |   1.207   |   2.422
20.  	GOIAS                 |    38.581     |      31.690       |   0.801   |   1.072   |   1.339   |   2.869

============================================================================================================================

#           Club              |  SPI Default  |  SPI Round-Robin  |   Power   |    ATK    |    DEF    |    OFF
1.  	MANCHESTER CITY       |    93.601     |      73.997       |   7.721   |   3.569   |   0.462   |   3.300
2.  	LIVERPOOL             |    91.803     |      68.324       |   6.082   |   3.458   |   0.569   |   3.932
3.  	CHELSEA               |    86.956     |      59.735       |   4.715   |   2.866   |   0.608   |   3.483
4.  	MANCHESTER UNITED     |    84.277     |      55.452       |   4.135   |   2.653   |   0.642   |   3.405
5.  	TOTTENHAM             |    83.656     |      54.884       |   4.083   |   2.578   |   0.632   |   3.257
6.  	ARSENAL               |    81.249     |      52.986       |   3.923   |   2.300   |   0.586   |   2.698
7.  	EVERTON               |    79.049     |      48.881       |   3.399   |   2.263   |   0.666   |   3.014
8.  	LEICESTER             |    78.201     |      48.099       |   3.324   |   2.194   |   0.660   |   2.897
9.  	WEST HAM              |    77.573     |      46.368       |   3.126   |   2.234   |   0.715   |   3.194
10.  	SOUTHAMPTON           |    75.227     |      44.793       |   2.992   |   2.022   |   0.676   |   2.733
11.  	ASTON VILLA           |    74.146     |      43.995       |   2.920   |   1.939   |   0.664   |   2.574
12.  	WOLVERHAMPTON         |    72.955     |      44.700       |   3.026   |   1.745   |   0.576   |   2.012
13.  	BRIGHTON              |    73.644     |      42.179       |   2.738   |   2.009   |   0.734   |   2.947
14.  	LEEDS                 |    70.615     |      39.097       |   2.470   |   1.862   |   0.754   |   2.808
15.  	CRYSTAL PALACE        |    65.265     |      35.002       |   2.126   |   1.568   |   0.738   |   2.313
16.  	BURNLEY               |    64.805     |      34.504       |   2.088   |   1.557   |   0.746   |   2.321
17.  	NEWCASTLE             |    65.371     |      33.756       |   2.047   |   1.671   |   0.816   |   2.729
18.  	SHEFFIELD UNITED      |    63.146     |      33.521       |   2.003   |   1.461   |   0.729   |   2.132
19.  	FULHAM                |    59.867     |      28.861       |   1.698   |   1.485   |   0.875   |   2.599
20.  	WEST BROM             |    58.476     |      27.709       |   1.620   |   1.441   |   0.890   |   2.564

============================================================================================================================

#           Club              |  SPI Default  |  SPI Round-Robin  |   Power   |    ATK    |    DEF    |    OFF
1.  	BAYERN MUNCHEN        |    94.532     |      80.143       |   7.449   |   3.998   |   0.537   |   4.292
2.  	LEIPZIG               |    86.116     |      66.291       |   4.882   |   2.659   |   0.545   |   2.897
3.  	DORTMUND              |    85.498     |      65.422       |   4.751   |   2.603   |   0.548   |   2.854
4.  	BAYER LEVERKUSEN      |    76.523     |      53.989       |   3.305   |   1.997   |   0.604   |   2.413
5.  	MONCHENGLADBACH       |    75.974     |      52.007       |   3.033   |   2.088   |   0.688   |   2.873
6.  	EINTRACHT FRANKFURT   |    73.514     |      48.598       |   2.706   |   2.018   |   0.746   |   3.010
7.  	WOLFSBURG             |    71.049     |      47.563       |   2.665   |   1.757   |   0.659   |   2.317
8.  	HOFFENHEIM            |    71.961     |      46.087       |   2.484   |   2.019   |   0.813   |   3.282
9.  	HERTHA BERLIN         |    70.110     |      44.518       |   2.370   |   1.896   |   0.800   |   3.033
10.  	UNION BERLIN          |    64.850     |      39.899       |   2.038   |   1.618   |   0.794   |   2.568
11.  	STUTTGART             |    65.667     |      39.219       |   1.991   |   1.785   |   0.896   |   3.199
12.  	WERDER BREMEN         |    64.254     |      38.600       |   1.949   |   1.660   |   0.852   |   2.827
13.  	FREIBURG              |    63.569     |      37.554       |   1.882   |   1.670   |   0.888   |   2.965
14.  	AUGSBURG              |    62.150     |      37.021       |   1.843   |   1.545   |   0.838   |   2.591
15.  	KOLN                  |    62.321     |      35.893       |   1.781   |   1.671   |   0.938   |   3.135
16.  	ARMINIA               |    57.640     |      33.227       |   1.600   |   1.366   |   0.854   |   2.334
17.  	SCHALKE 04            |    56.544     |      30.998       |   1.490   |   1.448   |   0.972   |   2.815
18.  	MAINZ                 |    56.254     |      30.427       |   1.464   |   1.470   |   1.004   |   2.953

============================================================================================================================

#           Club              |  SPI Default  |  SPI Round-Robin  |   Power   |    ATK    |    DEF    |    OFF
1.  	BENFICA               |    79.121     |      75.333       |   3.457   |   2.241   |   0.648   |   2.904
2.  	PORTO                 |    75.979     |      72.004       |   3.030   |   2.091   |   0.690   |   2.886
3.  	SPORTING              |    62.005     |      57.868       |   1.892   |   1.461   |   0.772   |   2.255
4.  	BRAGA                 |    60.846     |      56.322       |   1.726   |   1.567   |   0.908   |   2.847
5.  	VITORIA DE GUIMARAES  |    52.672     |      48.538       |   1.366   |   1.169   |   0.856   |   2.001
6.  	RIO AVE               |    51.174     |      46.762       |   1.259   |   1.243   |   0.988   |   2.457
7.  	FAMALICAO             |    49.244     |      44.642       |   1.158   |   1.290   |   1.114   |   2.876
8.  	SANTA CLARA           |    46.850     |      42.582       |   1.089   |   1.094   |   1.005   |   2.200
9.  	GIL VICENTE           |    43.922     |      39.719       |   0.979   |   1.018   |   1.040   |   2.118
10.  	MOREIRENSE            |    43.651     |      39.484       |   0.970   |   0.998   |   1.029   |   2.055
11.  	PORTIMONENSE          |    43.437     |      39.154       |   0.957   |   1.050   |   1.096   |   2.301
12.  	PACOS DE FERREIRA     |    43.254     |      38.865       |   0.947   |   1.101   |   1.162   |   2.559
13.  	BELENENSES            |    41.577     |      37.597       |   0.901   |   0.888   |   0.985   |   1.749
14.  	MARITIMO              |    41.643     |      37.409       |   0.896   |   1.006   |   1.122   |   2.259
15.  	FARENSE               |    41.611     |      37.176       |   0.891   |   1.113   |   1.249   |   2.779
16.  	NACIONAL              |    39.612     |      35.314       |   0.830   |   1.027   |   1.237   |   2.543
17.  	BOAVISTA              |    39.489     |      35.308       |   0.827   |   0.962   |   1.164   |   2.241
18.  	TONDELA               |    37.662     |      33.440       |   0.772   |   0.982   |   1.271   |   2.495

============================================================================================================================

#           Club              |  SPI Default  |  SPI Round-Robin  |   Power   |    ATK    |    DEF    |    OFF
1.  	BARCELONA             |    90.583     |      68.501       |   6.180   |   3.126   |   0.506   |   3.164
2.  	REAL MADRID           |    88.781     |      66.866       |   6.171   |   2.768   |   0.449   |   2.483
3.  	ATL MADRID            |    86.318     |      63.292       |   5.482   |   2.520   |   0.460   |   2.317
4.  	SEVILLA               |    80.396     |      55.245       |   4.125   |   2.114   |   0.512   |   2.166
5.  	REAL SOCIEDAD         |    79.832     |      53.984       |   3.899   |   2.128   |   0.546   |   2.322
6.  	VILLARREAL            |    78.686     |      50.737       |   3.388   |   2.221   |   0.656   |   2.913
7.  	GETAFE                |    71.747     |      46.798       |   3.100   |   1.590   |   0.513   |   1.630
8.  	GRANADA               |    72.020     |      43.618       |   2.668   |   1.865   |   0.699   |   2.608
9.  	BETIS                 |    72.108     |      43.527       |   2.657   |   1.884   |   0.709   |   2.672
10.  	ATL BILBAO            |    69.498     |      42.876       |   2.626   |   1.618   |   0.616   |   1.993
11.  	OSASUNA               |    69.413     |      42.170       |   2.548   |   1.661   |   0.652   |   2.166
12.  	CELTA                 |    67.902     |      40.265       |   2.370   |   1.635   |   0.690   |   2.257
13.  	CADIZ                 |    65.367     |      39.276       |   2.286   |   1.437   |   0.628   |   1.806
14.  	VALENCIA              |    66.181     |      37.446       |   2.135   |   1.666   |   0.780   |   2.601
15.  	EIBAR                 |    63.392     |      36.716       |   2.065   |   1.424   |   0.690   |   1.965
16.  	LEVANTE               |    64.979     |      35.571       |   1.997   |   1.687   |   0.845   |   2.850
17.  	ALAVES                |    62.679     |      35.719       |   1.986   |   1.427   |   0.719   |   2.051
18.  	HUESCA                |    62.100     |      35.132       |   1.940   |   1.414   |   0.729   |   2.060
19.  	VALLADOLID            |    61.443     |      34.442       |   1.888   |   1.401   |   0.742   |   2.080
20.  	ELCHE                 |    58.598     |      31.872       |   1.698   |   1.323   |   0.779   |   2.061

============================================================================================================================

#           Club              |  SPI Default  |  SPI Round-Robin  |   Power   |    ATK    |    DEF    |    OFF
1.  	INTER                 |    83.611     |      66.510       |   3.784   |   2.726   |   0.721   |   3.928
2.  	JUVENTUS              |    82.885     |      66.686       |   3.951   |   2.522   |   0.638   |   3.220
3.  	NAPOLI                |    82.386     |      66.689       |   4.047   |   2.405   |   0.594   |   2.858
4.  	MILAN                 |    81.967     |      65.175       |   3.736   |   2.492   |   0.667   |   3.324
5.  	ATALANTA              |    80.367     |      62.015       |   3.300   |   2.515   |   0.762   |   3.834
6.  	ROMA                  |    74.643     |      55.250       |   2.727   |   2.147   |   0.787   |   3.382
7.  	LAZIO                 |    71.034     |      51.568       |   2.462   |   1.922   |   0.781   |   3.000
8.  	FIORENTINA            |    68.135     |      48.399       |   2.235   |   1.793   |   0.802   |   2.878
9.  	SASSUOLO              |    68.906     |      47.067       |   2.104   |   2.068   |   0.983   |   4.066
10.  	SAMPDORIA             |    62.172     |      41.379       |   1.782   |   1.647   |   0.924   |   3.045
11.  	BOLOGNA               |    60.313     |      39.328       |   1.668   |   1.604   |   0.962   |   3.084
12.  	HELLAS VERONA         |    57.776     |      38.075       |   1.596   |   1.392   |   0.872   |   2.427
13.  	UDINESE               |    57.350     |      37.782       |   1.579   |   1.366   |   0.865   |   2.364
14.  	CAGLIARI              |    57.159     |      36.679       |   1.525   |   1.455   |   0.954   |   2.777
15.  	TORINO                |    57.287     |      35.974       |   1.496   |   1.551   |   1.037   |   3.216
16.  	PARMA                 |    55.714     |      34.192       |   1.412   |   1.536   |   1.088   |   3.342
17.  	BENEVENTO             |    55.421     |      34.219       |   1.409   |   1.492   |   1.058   |   3.158
18.  	GENOA                 |    54.467     |      33.344       |   1.367   |   1.462   |   1.069   |   3.124
19.  	CROTONE               |    51.454     |      31.488       |   1.265   |   1.274   |   1.007   |   2.565
20.  	SPEZIA                |    50.767     |      30.693       |   1.231   |   1.274   |   1.035   |   2.638

============================================================================================================================

#           Club              |  SPI Default  |  SPI Round-Robin  |   Power   |    ATK    |    DEF    |    OFF
1.  	PSG                   |    89.294     |      77.554       |   5.411   |   3.073   |   0.568   |   3.490
2.  	LYON                  |    75.873     |      61.362       |   3.287   |   1.930   |   0.587   |   2.267
3.  	LILLE                 |    70.929     |      55.696       |   2.700   |   1.720   |   0.637   |   2.192
4.  	RENNES                |    69.827     |      53.854       |   2.489   |   1.753   |   0.704   |   2.469
5.  	MARSEILLE             |    67.019     |      50.474       |   2.206   |   1.689   |   0.766   |   2.587
6.  	MONACO                |    67.356     |      50.050       |   2.143   |   1.802   |   0.841   |   3.030
7.  	MONTPELLIER           |    64.516     |      47.293       |   1.967   |   1.668   |   0.848   |   2.830
8.  	LENS                  |    62.850     |      46.665       |   1.957   |   1.480   |   0.756   |   2.238
9.  	BORDEAUX              |    59.398     |      43.787       |   1.779   |   1.305   |   0.733   |   1.913
10.  	ST ETIENNE            |    59.151     |      42.638       |   1.693   |   1.399   |   0.827   |   2.313
11.  	NICE                  |    59.168     |      42.118       |   1.657   |   1.464   |   0.884   |   2.588
12.  	ANGERS                |    57.466     |      40.589       |   1.572   |   1.396   |   0.888   |   2.481
13.  	NANTES                |    57.096     |      40.350       |   1.559   |   1.371   |   0.879   |   2.411
14.  	METZ                  |    55.120     |      39.111       |   1.491   |   1.238   |   0.830   |   2.055
15.  	STRASBOURG            |    55.711     |      38.591       |   1.465   |   1.383   |   0.944   |   2.613
16.  	BREST                 |    55.761     |      37.986       |   1.436   |   1.468   |   1.022   |   3.001
17.  	NIMES                 |    54.601     |      37.569       |   1.412   |   1.347   |   0.954   |   2.572
18.  	LORIENT               |    54.474     |      36.520       |   1.367   |   1.464   |   1.071   |   3.136
19.  	REIMS                 |    52.733     |      36.160       |   1.338   |   1.254   |   0.937   |   2.350
20.  	DIJON                 |    46.886     |      30.484       |   1.081   |   1.150   |   1.064   |   2.447
