#           Club              |  SPI Default  |  SPI Round-Robin  |   Power   |    ATK    |    DEF    |    OFF
1.  	BAYERN MUNCHEN        |    94.567     |      83.711       |   7.627   |   3.963   |   0.520   |   4.118
2.  	MANCHESTER CITY       |    93.141     |      82.088       |   7.786   |   3.414   |   0.439   |   2.994
3.  	LIVERPOOL             |    91.344     |      77.818       |   5.958   |   3.374   |   0.566   |   3.822
4.  	BARCELONA             |    90.483     |      76.949       |   5.945   |   3.169   |   0.533   |   3.378
5.  	REAL MADRID           |    89.947     |      77.104       |   6.380   |   2.943   |   0.461   |   2.714
6.  	PSG                   |    89.353     |      75.021       |   5.466   |   3.067   |   0.561   |   3.442
7.  	ATL MADRID            |    87.108     |      73.399       |   5.659   |   2.601   |   0.460   |   2.391
8.  	DORTMUND              |    87.326     |      73.083       |   5.384   |   2.708   |   0.503   |   2.724
9.  	CHELSEA               |    86.681     |      71.344       |   4.834   |   2.772   |   0.573   |   3.178
10.  	LEIPZIG               |    85.288     |      70.094       |   4.774   |   2.563   |   0.537   |   2.751
11.  	TOTTENHAM             |    83.441     |      66.932       |   4.135   |   2.522   |   0.610   |   3.076
12.  	MANCHESTER UNITED     |    83.143     |      66.747       |   4.143   |   2.474   |   0.597   |   2.955
13.  	JUVENTUS              |    82.849     |      65.779       |   3.918   |   2.532   |   0.646   |   3.274
14.  	INTER                 |    83.136     |      65.139       |   3.704   |   2.694   |   0.727   |   3.917
15.  	REAL SOCIEDAD         |    81.960     |      65.772       |   4.095   |   2.326   |   0.568   |   2.642
16.  	MILAN                 |    82.099     |      64.407       |   3.690   |   2.537   |   0.688   |   3.488
17.  	ARSENAL               |    80.903     |      64.799       |   4.015   |   2.217   |   0.552   |   2.448
18.  	NAPOLI                |    81.036     |      64.306       |   3.844   |   2.306   |   0.600   |   2.768
19.  	ATALANTA              |    80.887     |      62.224       |   3.370   |   2.547   |   0.756   |   3.850
20.  	LEICESTER             |    79.882     |      62.572       |   3.582   |   2.276   |   0.635   |   2.893
21.  	SEVILLA               |    78.809     |      62.778       |   3.819   |   2.036   |   0.533   |   2.172
22.  	VILLARREAL            |    78.346     |      61.053       |   3.442   |   2.149   |   0.624   |   2.683
23.  	BAYER LEVERKUSEN      |    77.804     |      60.623       |   3.416   |   2.094   |   0.613   |   2.568
24.  	SOUTHAMPTON           |    77.197     |      59.240       |   3.192   |   2.143   |   0.671   |   2.877
25.  	WEST HAM              |    77.170     |      59.061       |   3.159   |   2.159   |   0.683   |   2.952
26.  	LYON                  |    76.170     |      58.938       |   3.247   |   1.986   |   0.612   |   2.429
27.  	ROMA                  |    77.235     |      58.098       |   2.979   |   2.294   |   0.770   |   3.533
28.  	EVERTON               |    76.659     |      58.474       |   3.099   |   2.132   |   0.688   |   2.933
29.  	MONCHENGLADBACH       |    76.525     |      58.379       |   3.095   |   2.118   |   0.684   |   2.898
30.  	BENFICA               |    76.159     |      58.194       |   3.097   |   2.070   |   0.669   |   2.768
31.  	WOLVERHAMPTON         |    73.729     |      57.184       |   3.155   |   1.762   |   0.558   |   1.968
32.  	PORTO                 |    74.325     |      55.721       |   2.824   |   2.028   |   0.718   |   2.912
33.  	GETAFE                |    71.868     |      55.678       |   3.041   |   1.628   |   0.535   |   1.743
34.  	ASTON VILLA           |    73.191     |      54.366       |   2.695   |   1.986   |   0.737   |   2.928
35.  	BETIS                 |    72.914     |      54.407       |   2.720   |   1.933   |   0.711   |   2.747
36.  	BRIGHTON              |    72.660     |      54.015       |   2.677   |   1.935   |   0.723   |   2.796
37.  	LEEDS                 |    72.453     |      53.271       |   2.584   |   1.987   |   0.769   |   3.056
38.  	EINTRACHT FRANKFURT   |    72.274     |      53.221       |   2.588   |   1.962   |   0.758   |   2.974
39.  	WOLFSBURG             |    70.944     |      53.097       |   2.652   |   1.754   |   0.661   |   2.321
40.  	GRANADA               |    70.805     |      52.558       |   2.581   |   1.791   |   0.694   |   2.487
41.  	LILLE                 |    70.323     |      52.892       |   2.663   |   1.680   |   0.631   |   2.119
42.  	LAZIO                 |    71.419     |      51.758       |   2.443   |   1.989   |   0.814   |   3.241
43.  	ATL BILBAO            |    69.824     |      52.668       |   2.662   |   1.628   |   0.611   |   1.991
44.  	MONACO                |    71.460     |      51.417       |   2.401   |   2.040   |   0.850   |   3.466
45.  	OSASUNA               |    69.764     |      52.056       |   2.571   |   1.683   |   0.655   |   2.203
46.  	HOFFENHEIM            |    70.831     |      51.098       |   2.390   |   1.968   |   0.823   |   3.240
47.  	HERTHA BERLIN         |    70.024     |      50.708       |   2.378   |   1.877   |   0.789   |   2.962
48.  	FLAMENGO              |    70.136     |      50.548       |   2.355   |   1.915   |   0.813   |   3.115
49.  	RENNES                |    68.398     |      49.890       |   2.350   |   1.709   |   0.727   |   2.486
50.  	SASSUOLO              |    69.843     |      48.637       |   2.168   |   2.108   |   0.972   |   4.100
51.  	CELTA                 |    67.457     |      49.070       |   2.291   |   1.656   |   0.723   |   2.395
52.  	MARSEILLE             |    67.386     |      48.843       |   2.267   |   1.670   |   0.737   |   2.462
53.  	CADIZ                 |    66.034     |      49.394       |   2.400   |   1.422   |   0.592   |   1.684
54.  	SPORTING              |    66.695     |      48.124       |   2.211   |   1.646   |   0.744   |   2.450
55.  	UNION BERLIN          |    66.455     |      47.623       |   2.165   |   1.666   |   0.769   |   2.563
56.  	NEWCASTLE             |    66.499     |      47.449       |   2.146   |   1.692   |   0.789   |   2.669
57.  	VALENCIA              |    66.447     |      47.099       |   2.112   |   1.725   |   0.817   |   2.817
58.  	LEVANTE               |    66.302     |      47.116       |   2.118   |   1.700   |   0.803   |   2.730
59.  	ATLETICO-MG           |    65.952     |      46.299       |   2.049   |   1.742   |   0.850   |   2.962
60.  	FIORENTINA            |    65.813     |      46.076       |   2.032   |   1.747   |   0.860   |   3.003
61.  	ALAVES                |    64.585     |      46.760       |   2.131   |   1.488   |   0.698   |   2.077
62.  	CRYSTAL PALACE        |    65.014     |      46.410       |   2.082   |   1.586   |   0.762   |   2.417
63.  	SHEFFIELD UNITED      |    63.534     |      45.732       |   2.054   |   1.450   |   0.706   |   2.047
64.  	STUTTGART             |    64.668     |      44.845       |   1.948   |   1.715   |   0.881   |   3.021
65.  	BURNLEY               |    63.073     |      44.859       |   1.980   |   1.479   |   0.747   |   2.209
66.  	KOLN                  |    63.783     |      44.151       |   1.906   |   1.662   |   0.872   |   2.900
67.  	LENS                  |    62.800     |      44.520       |   1.954   |   1.477   |   0.756   |   2.233
68.  	EIBAR                 |    62.334     |      44.850       |   1.996   |   1.380   |   0.691   |   1.908
69.  	GREMIO                |    62.740     |      44.483       |   1.952   |   1.473   |   0.754   |   2.222
70.  	WERDER BREMEN         |    63.133     |      43.959       |   1.900   |   1.587   |   0.835   |   2.652
71.  	FREIBURG              |    63.423     |      43.615       |   1.869   |   1.672   |   0.895   |   2.991
72.  	SAO PAULO             |    62.423     |      44.201       |   1.933   |   1.459   |   0.755   |   2.203
73.  	HUESCA                |    62.067     |      43.695       |   1.895   |   1.464   |   0.773   |   2.264
74.  	NICE                  |    62.282     |      43.258       |   1.856   |   1.544   |   0.832   |   2.568
75.  	AUGSBURG              |    62.206     |      43.003       |   1.837   |   1.562   |   0.850   |   2.656
76.  	INTERNACIONAL         |    61.618     |      43.318       |   1.870   |   1.444   |   0.772   |   2.228
77.  	BRAGA                 |    61.917     |      42.820       |   1.827   |   1.541   |   0.844   |   2.600
78.  	FULHAM                |    61.122     |      41.964       |   1.771   |   1.525   |   0.861   |   2.627
79.  	SAMPDORIA             |    61.424     |      41.682       |   1.749   |   1.604   |   0.917   |   2.940
80.  	PALMEIRAS             |    60.226     |      41.612       |   1.754   |   1.439   |   0.821   |   2.362
81.  	BOLOGNA               |    60.807     |      40.601       |   1.683   |   1.645   |   0.977   |   3.214
82.  	MONTPELLIER           |    59.971     |      40.435       |   1.676   |   1.540   |   0.919   |   2.830
83.  	VALLADOLID            |    58.660     |      40.750       |   1.703   |   1.323   |   0.777   |   2.055
84.  	HELLAS VERONA         |    58.842     |      39.986       |   1.651   |   1.432   |   0.867   |   2.483
85.  	BORDEAUX              |    58.070     |      40.355       |   1.679   |   1.289   |   0.767   |   1.978
86.  	UDINESE               |    58.381     |      39.547       |   1.625   |   1.418   |   0.873   |   2.477
87.  	REIMS                 |    58.085     |      39.267       |   1.608   |   1.410   |   0.877   |   2.472
88.  	ELCHE                 |    57.575     |      39.401       |   1.617   |   1.326   |   0.820   |   2.175
89.  	TORINO                |    58.950     |      38.203       |   1.551   |   1.671   |   1.077   |   3.601
90.  	WEST BROM             |    57.450     |      38.775       |   1.579   |   1.379   |   0.873   |   2.409
91.  	STRASBOURG            |    57.418     |      38.320       |   1.554   |   1.428   |   0.919   |   2.626
92.  	CAGLIARI              |    57.880     |      37.944       |   1.535   |   1.541   |   1.004   |   3.096
93.  	METZ                  |    56.242     |      38.708       |   1.575   |   1.229   |   0.780   |   1.918
94.  	ST ETIENNE            |    56.135     |      38.079       |   1.538   |   1.283   |   0.834   |   2.140
95.  	NANTES                |    56.159     |      37.577       |   1.510   |   1.342   |   0.889   |   2.386
96.  	ARMINIA               |    56.004     |      37.503       |   1.506   |   1.330   |   0.883   |   2.349
97.  	PARMA                 |    57.171     |      36.722       |   1.473   |   1.595   |   1.083   |   3.455
98.  	ANGERS                |    56.078     |      37.256       |   1.493   |   1.369   |   0.917   |   2.509
99.  	MAINZ                 |    56.309     |      36.346       |   1.451   |   1.515   |   1.044   |   3.164
100.  	GENOA                 |    55.075     |      35.444       |   1.403   |   1.452   |   1.035   |   3.004
101.  	BENEVENTO             |    55.146     |      35.109       |   1.390   |   1.507   |   1.084   |   3.266
102.  	SCHALKE 04            |    54.251     |      35.232       |   1.387   |   1.361   |   0.982   |   2.673
103.  	FLUMINENSE            |    53.664     |      35.390       |   1.389   |   1.263   |   0.910   |   2.298
104.  	RIO AVE               |    53.528     |      35.309       |   1.384   |   1.255   |   0.907   |   2.276
105.  	BREST                 |    54.028     |      34.474       |   1.354   |   1.427   |   1.053   |   3.005
106.  	LORIENT               |    53.328     |      34.230       |   1.338   |   1.358   |   1.016   |   2.759
107.  	NIMES                 |    52.464     |      33.962       |   1.317   |   1.273   |   0.966   |   2.460
108.  	VITORIA DE GUIMARAES  |    51.774     |      34.243       |   1.320   |   1.151   |   0.872   |   2.008
109.  	SANTOS                |    52.326     |      33.767       |   1.309   |   1.278   |   0.977   |   2.498
110.  	CROTONE               |    51.002     |      32.109       |   1.234   |   1.307   |   1.058   |   2.766
111.  	ATHLETICO-PR          |    49.606     |      32.673       |   1.231   |   1.059   |   0.860   |   1.821
112.  	FORTALEZA             |    49.324     |      32.679       |   1.227   |   1.025   |   0.835   |   1.712
113.  	SPEZIA                |    50.363     |      31.459       |   1.205   |   1.303   |   1.081   |   2.816
114.  	BRAGANTINO            |    49.897     |      31.633       |   1.203   |   1.217   |   1.011   |   2.461
115.  	CORINTHIANS           |    49.139     |      31.061       |   1.174   |   1.187   |   1.012   |   2.402
116.  	BAHIA                 |    49.066     |      30.494       |   1.157   |   1.250   |   1.080   |   2.702
117.  	CEARA                 |    48.503     |      30.545       |   1.148   |   1.168   |   1.017   |   2.375
118.  	FAMALICAO             |    47.954     |      29.408       |   1.111   |   1.242   |   1.118   |   2.777
119.  	SANTA CLARA           |    46.941     |      29.284       |   1.088   |   1.122   |   1.031   |   2.313
120.  	DIJON                 |    46.421     |      28.948       |   1.070   |   1.096   |   1.025   |   2.247
121.  	PACOS DE FERREIRA     |    46.377     |      28.344       |   1.057   |   1.169   |   1.106   |   2.586
122.  	BOTAFOGO              |    45.898     |      28.162       |   1.044   |   1.129   |   1.082   |   2.442
123.  	BOAVISTA              |    43.609     |      26.492       |   0.964   |   1.047   |   1.086   |   2.275
124.  	VASCO                 |    43.637     |      26.194       |   0.961   |   1.091   |   1.135   |   2.478
125.  	GIL VICENTE           |    43.257     |      26.379       |   0.953   |   1.016   |   1.066   |   2.167
126.  	ATLETICO-GO           |    42.883     |      26.082       |   0.940   |   1.007   |   1.071   |   2.156
127.  	MOREIRENSE            |    42.397     |      25.811       |   0.925   |   0.980   |   1.060   |   2.077
128.  	FARENSE               |    42.517     |      25.015       |   0.921   |   1.106   |   1.200   |   2.654
129.  	PORTIMONENSE          |    41.623     |      24.828       |   0.895   |   1.011   |   1.129   |   2.281
130.  	MARITIMO              |    40.408     |      24.054       |   0.856   |   0.957   |   1.118   |   2.141
131.  	CORITIBA              |    40.260     |      24.049       |   0.852   |   0.939   |   1.102   |   2.070
132.  	BELENENSES            |    39.598     |      24.180       |   0.831   |   0.840   |   1.011   |   1.698
133.  	SPORT                 |    39.518     |      23.107       |   0.827   |   0.973   |   1.175   |   2.287
134.  	NACIONAL              |    39.257     |      22.961       |   0.819   |   0.959   |   1.170   |   2.244
135.  	GOIAS                 |    38.428     |      21.576       |   0.796   |   1.056   |   1.327   |   2.803
136.  	TONDELA               |    35.793     |      19.932       |   0.720   |   0.945   |   1.313   |   2.483

============================================================================================================================

#           Club              |  SPI Default  |  SPI Round-Robin  |   Power   |    ATK    |    DEF    |    OFF
1.  	FLAMENGO              |    70.136     |      63.602       |   2.355   |   1.915   |   0.813   |   3.115
2.  	ATLETICO-MG           |    65.952     |      59.231       |   2.049   |   1.742   |   0.850   |   2.962
3.  	GREMIO                |    62.740     |      56.480       |   1.952   |   1.473   |   0.754   |   2.222
4.  	SAO PAULO             |    62.423     |      56.166       |   1.933   |   1.459   |   0.755   |   2.203
5.  	INTERNACIONAL         |    61.618     |      55.297       |   1.870   |   1.444   |   0.772   |   2.228
6.  	PALMEIRAS             |    60.226     |      53.716       |   1.754   |   1.439   |   0.821   |   2.362
7.  	FLUMINENSE            |    53.664     |      47.020       |   1.389   |   1.263   |   0.910   |   2.298
8.  	SANTOS                |    52.326     |      45.488       |   1.309   |   1.278   |   0.977   |   2.498
9.  	ATHLETICO-PR          |    49.606     |      43.380       |   1.231   |   1.059   |   0.860   |   1.821
10.  	BRAGANTINO            |    49.897     |      43.073       |   1.203   |   1.217   |   1.011   |   2.461
11.  	FORTALEZA             |    49.324     |      43.217       |   1.227   |   1.025   |   0.835   |   1.712
12.  	CORINTHIANS           |    49.139     |      42.363       |   1.174   |   1.187   |   1.012   |   2.402
13.  	BAHIA                 |    49.066     |      42.053       |   1.157   |   1.250   |   1.080   |   2.702
14.  	CEARA                 |    48.503     |      41.749       |   1.148   |   1.168   |   1.017   |   2.375
15.  	BOTAFOGO              |    45.898     |      39.108       |   1.044   |   1.129   |   1.082   |   2.442
16.  	VASCO                 |    43.637     |      36.859       |   0.961   |   1.091   |   1.135   |   2.478
17.  	ATLETICO-GO           |    42.883     |      36.375       |   0.940   |   1.007   |   1.071   |   2.156
18.  	CORITIBA              |    40.260     |      33.889       |   0.852   |   0.939   |   1.102   |   2.070
19.  	SPORT                 |    39.518     |      33.002       |   0.827   |   0.973   |   1.175   |   2.287
20.  	GOIAS                 |    38.428     |      31.616       |   0.796   |   1.056   |   1.327   |   2.803

============================================================================================================================

#           Club              |  SPI Default  |  SPI Round-Robin  |   Power   |    ATK    |    DEF    |    OFF
1.  	MANCHESTER CITY       |    93.141     |      73.241       |   7.786   |   3.414   |   0.439   |   2.994
2.  	LIVERPOOL             |    91.344     |      67.258       |   5.958   |   3.374   |   0.566   |   3.822
3.  	CHELSEA               |    86.681     |      59.859       |   4.834   |   2.772   |   0.573   |   3.178
4.  	TOTTENHAM             |    83.441     |      54.888       |   4.135   |   2.522   |   0.610   |   3.076
5.  	MANCHESTER UNITED     |    83.143     |      54.797       |   4.143   |   2.474   |   0.597   |   2.955
6.  	ARSENAL               |    80.903     |      53.176       |   4.015   |   2.217   |   0.552   |   2.448
7.  	LEICESTER             |    79.882     |      50.254       |   3.582   |   2.276   |   0.635   |   2.893
8.  	SOUTHAMPTON           |    77.197     |      46.706       |   3.192   |   2.143   |   0.671   |   2.877
9.  	WEST HAM              |    77.170     |      46.439       |   3.159   |   2.159   |   0.683   |   2.952
10.  	EVERTON               |    76.659     |      45.840       |   3.099   |   2.132   |   0.688   |   2.933
11.  	WOLVERHAMPTON         |    73.729     |      45.701       |   3.155   |   1.762   |   0.558   |   1.968
12.  	ASTON VILLA           |    73.191     |      41.600       |   2.695   |   1.986   |   0.737   |   2.928
13.  	BRIGHTON              |    72.660     |      41.388       |   2.677   |   1.935   |   0.723   |   2.796
14.  	LEEDS                 |    72.453     |      40.357       |   2.584   |   1.987   |   0.769   |   3.056
15.  	NEWCASTLE             |    66.499     |      35.038       |   2.146   |   1.692   |   0.789   |   2.669
16.  	CRYSTAL PALACE        |    65.014     |      34.339       |   2.082   |   1.586   |   0.762   |   2.417
17.  	SHEFFIELD UNITED      |    63.534     |      34.183       |   2.054   |   1.450   |   0.706   |   2.047
18.  	BURNLEY               |    63.073     |      33.128       |   1.980   |   1.479   |   0.747   |   2.209
19.  	FULHAM                |    61.122     |      29.907       |   1.771   |   1.525   |   0.861   |   2.627
20.  	WEST BROM             |    57.450     |      27.244       |   1.579   |   1.379   |   0.873   |   2.409

============================================================================================================================

#           Club              |  SPI Default  |  SPI Round-Robin  |   Power   |    ATK    |    DEF    |    OFF
1.  	BAYERN MUNCHEN        |    94.567     |      80.163       |   7.627   |   3.963   |   0.520   |   4.118
2.  	DORTMUND              |    87.326     |      68.480       |   5.384   |   2.708   |   0.503   |   2.724
3.  	LEIPZIG               |    85.288     |      65.198       |   4.774   |   2.563   |   0.537   |   2.751
4.  	BAYER LEVERKUSEN      |    77.804     |      55.130       |   3.416   |   2.094   |   0.613   |   2.568
5.  	MONCHENGLADBACH       |    76.525     |      52.599       |   3.095   |   2.118   |   0.684   |   2.898
6.  	EINTRACHT FRANKFURT   |    72.274     |      47.189       |   2.588   |   1.962   |   0.758   |   2.974
7.  	WOLFSBURG             |    70.944     |      47.418       |   2.652   |   1.754   |   0.661   |   2.321
8.  	HOFFENHEIM            |    70.831     |      44.877       |   2.390   |   1.968   |   0.823   |   3.240
9.  	HERTHA BERLIN         |    70.024     |      44.608       |   2.378   |   1.877   |   0.789   |   2.962
10.  	UNION BERLIN          |    66.455     |      41.677       |   2.165   |   1.666   |   0.769   |   2.563
11.  	STUTTGART             |    64.668     |      38.631       |   1.948   |   1.715   |   0.881   |   3.021
12.  	KOLN                  |    63.783     |      37.996       |   1.906   |   1.662   |   0.872   |   2.900
13.  	WERDER BREMEN         |    63.133     |      37.936       |   1.900   |   1.587   |   0.835   |   2.652
14.  	FREIBURG              |    63.423     |      37.412       |   1.869   |   1.672   |   0.895   |   2.991
15.  	AUGSBURG              |    62.206     |      36.977       |   1.837   |   1.562   |   0.850   |   2.656
16.  	ARMINIA               |    56.004     |      31.722       |   1.506   |   1.330   |   0.883   |   2.349
17.  	MAINZ                 |    56.309     |      30.164       |   1.451   |   1.515   |   1.044   |   3.164
18.  	SCHALKE 04            |    54.251     |      29.326       |   1.387   |   1.361   |   0.982   |   2.673

============================================================================================================================

#           Club              |  SPI Default  |  SPI Round-Robin  |   Power   |    ATK    |    DEF    |    OFF
1.  	BENFICA               |    76.159     |      72.114       |   3.097   |   2.070   |   0.669   |   2.768
2.  	PORTO                 |    74.325     |      70.088       |   2.824   |   2.028   |   0.718   |   2.912
3.  	SPORTING              |    66.695     |      62.421       |   2.211   |   1.646   |   0.744   |   2.450
4.  	BRAGA                 |    61.917     |      57.415       |   1.827   |   1.541   |   0.844   |   2.600
5.  	RIO AVE               |    53.528     |      49.118       |   1.384   |   1.255   |   0.907   |   2.276
6.  	VITORIA DE GUIMARAES  |    51.774     |      47.525       |   1.320   |   1.151   |   0.872   |   2.008
7.  	FAMALICAO             |    47.954     |      43.312       |   1.111   |   1.242   |   1.118   |   2.777
8.  	SANTA CLARA           |    46.941     |      42.531       |   1.088   |   1.122   |   1.031   |   2.313
9.  	PACOS DE FERREIRA     |    46.377     |      41.844       |   1.057   |   1.169   |   1.106   |   2.586
10.  	BOAVISTA              |    43.609     |      39.268       |   0.964   |   1.047   |   1.086   |   2.275
11.  	GIL VICENTE           |    43.257     |      38.975       |   0.953   |   1.016   |   1.066   |   2.167
12.  	MOREIRENSE            |    42.397     |      38.175       |   0.925   |   0.980   |   1.060   |   2.077
13.  	FARENSE               |    42.517     |      38.039       |   0.921   |   1.106   |   1.200   |   2.654
14.  	PORTIMONENSE          |    41.623     |      37.322       |   0.895   |   1.011   |   1.129   |   2.281
15.  	MARITIMO              |    40.408     |      36.200       |   0.856   |   0.957   |   1.118   |   2.141
16.  	BELENENSES            |    39.598     |      35.629       |   0.831   |   0.840   |   1.011   |   1.698
17.  	NACIONAL              |    39.257     |      35.036       |   0.819   |   0.959   |   1.170   |   2.244
18.  	TONDELA               |    35.793     |      31.612       |   0.720   |   0.945   |   1.313   |   2.483

============================================================================================================================

#           Club              |  SPI Default  |  SPI Round-Robin  |   Power   |    ATK    |    DEF    |    OFF
1.  	REAL MADRID           |    89.947     |      68.513       |   6.380   |   2.943   |   0.461   |   2.714
2.  	BARCELONA             |    90.483     |      68.017       |   5.945   |   3.169   |   0.533   |   3.378
3.  	ATL MADRID            |    87.108     |      64.493       |   5.659   |   2.601   |   0.460   |   2.391
4.  	REAL SOCIEDAD         |    81.960     |      56.020       |   4.095   |   2.326   |   0.568   |   2.642
5.  	SEVILLA               |    78.809     |      53.274       |   3.819   |   2.036   |   0.533   |   2.172
6.  	VILLARREAL            |    78.346     |      51.061       |   3.442   |   2.149   |   0.624   |   2.683
7.  	GETAFE                |    71.868     |      46.551       |   3.041   |   1.628   |   0.535   |   1.743
8.  	BETIS                 |    72.914     |      44.308       |   2.720   |   1.933   |   0.711   |   2.747
9.  	GRANADA               |    70.805     |      42.715       |   2.581   |   1.791   |   0.694   |   2.487
10.  	ATL BILBAO            |    69.824     |      43.314       |   2.662   |   1.628   |   0.611   |   1.991
11.  	OSASUNA               |    69.764     |      42.496       |   2.571   |   1.683   |   0.655   |   2.203
12.  	CADIZ                 |    66.034     |      40.513       |   2.400   |   1.422   |   0.592   |   1.684
13.  	CELTA                 |    67.457     |      39.428       |   2.291   |   1.656   |   0.723   |   2.395
14.  	LEVANTE               |    66.302     |      37.265       |   2.118   |   1.700   |   0.803   |   2.730
15.  	VALENCIA              |    66.447     |      37.176       |   2.112   |   1.725   |   0.817   |   2.817
16.  	ALAVES                |    64.585     |      37.551       |   2.131   |   1.488   |   0.698   |   2.077
17.  	EIBAR                 |    62.334     |      35.942       |   1.996   |   1.380   |   0.691   |   1.908
18.  	HUESCA                |    62.067     |      34.483       |   1.895   |   1.464   |   0.773   |   2.264
19.  	VALLADOLID            |    58.660     |      31.980       |   1.703   |   1.323   |   0.777   |   2.055
20.  	ELCHE                 |    57.575     |      30.624       |   1.617   |   1.326   |   0.820   |   2.175

============================================================================================================================

#           Club              |  SPI Default  |  SPI Round-Robin  |   Power   |    ATK    |    DEF    |    OFF
1.  	JUVENTUS              |    82.849     |      66.696       |   3.918   |   2.532   |   0.646   |   3.274
2.  	INTER                 |    83.136     |      65.979       |   3.704   |   2.694   |   0.727   |   3.917
3.  	MILAN                 |    82.099     |      65.213       |   3.690   |   2.537   |   0.688   |   3.488
4.  	NAPOLI                |    81.036     |      65.148       |   3.844   |   2.306   |   0.600   |   2.768
5.  	ATALANTA              |    80.887     |      62.843       |   3.370   |   2.547   |   0.756   |   3.850
6.  	ROMA                  |    77.235     |      58.408       |   2.979   |   2.294   |   0.770   |   3.533
7.  	LAZIO                 |    71.419     |      51.575       |   2.443   |   1.989   |   0.814   |   3.241
8.  	SASSUOLO              |    69.843     |      48.104       |   2.168   |   2.108   |   0.972   |   4.100
9.  	FIORENTINA            |    65.813     |      45.460       |   2.032   |   1.747   |   0.860   |   3.003
10.  	SAMPDORIA             |    61.424     |      40.731       |   1.749   |   1.604   |   0.917   |   2.940
11.  	BOLOGNA               |    60.807     |      39.527       |   1.683   |   1.645   |   0.977   |   3.214
12.  	HELLAS VERONA         |    58.842     |      38.985       |   1.651   |   1.432   |   0.867   |   2.483
13.  	UDINESE               |    58.381     |      38.514       |   1.625   |   1.418   |   0.873   |   2.477
14.  	TORINO                |    58.950     |      36.897       |   1.551   |   1.671   |   1.077   |   3.601
15.  	CAGLIARI              |    57.880     |      36.693       |   1.535   |   1.541   |   1.004   |   3.096
16.  	PARMA                 |    57.171     |      35.330       |   1.473   |   1.595   |   1.083   |   3.455
17.  	GENOA                 |    55.075     |      34.033       |   1.403   |   1.452   |   1.035   |   3.004
18.  	BENEVENTO             |    55.146     |      33.635       |   1.390   |   1.507   |   1.084   |   3.266
19.  	CROTONE               |    51.002     |      30.526       |   1.234   |   1.307   |   1.058   |   2.766
20.  	SPEZIA                |    50.363     |      29.829       |   1.205   |   1.303   |   1.081   |   2.816

============================================================================================================================

#           Club              |  SPI Default  |  SPI Round-Robin  |   Power   |    ATK    |    DEF    |    OFF
1.  	PSG                   |    89.353     |      77.693       |   5.466   |   3.067   |   0.561   |   3.442
2.  	LYON                  |    76.170     |      61.398       |   3.247   |   1.986   |   0.612   |   2.429
3.  	LILLE                 |    70.323     |      55.176       |   2.663   |   1.680   |   0.631   |   2.119
4.  	MONACO                |    71.460     |      54.033       |   2.401   |   2.040   |   0.850   |   3.466
5.  	RENNES                |    68.398     |      52.231       |   2.350   |   1.709   |   0.727   |   2.486
6.  	MARSEILLE             |    67.386     |      51.153       |   2.267   |   1.670   |   0.737   |   2.462
7.  	LENS                  |    62.800     |      46.661       |   1.954   |   1.477   |   0.756   |   2.233
8.  	NICE                  |    62.282     |      45.439       |   1.856   |   1.544   |   0.832   |   2.568
9.  	MONTPELLIER           |    59.971     |      42.566       |   1.676   |   1.540   |   0.919   |   2.830
10.  	BORDEAUX              |    58.070     |      42.313       |   1.679   |   1.289   |   0.767   |   1.978
11.  	REIMS                 |    58.085     |      41.291       |   1.608   |   1.410   |   0.877   |   2.472
12.  	STRASBOURG            |    57.418     |      40.335       |   1.554   |   1.428   |   0.919   |   2.626
13.  	METZ                  |    56.242     |      40.602       |   1.575   |   1.229   |   0.780   |   1.918
14.  	ST ETIENNE            |    56.135     |      39.998       |   1.538   |   1.283   |   0.834   |   2.140
15.  	NANTES                |    56.159     |      39.523       |   1.510   |   1.342   |   0.889   |   2.386
16.  	ANGERS                |    56.078     |      39.210       |   1.493   |   1.369   |   0.917   |   2.509
17.  	BREST                 |    54.028     |      36.370       |   1.354   |   1.427   |   1.053   |   3.005
18.  	LORIENT               |    53.328     |      36.087       |   1.338   |   1.358   |   1.016   |   2.759
19.  	NIMES                 |    52.464     |      35.771       |   1.317   |   1.273   |   0.966   |   2.460
20.  	DIJON                 |    46.421     |      30.503       |   1.070   |   1.096   |   1.025   |   2.247
