#           Club              |  SPI Default  |  SPI Round-Robin  |   Power   |    ATK    |    DEF    |    OFF
1.  	MANCHESTER CITY       |    94.117     |      84.413       |   9.708   |   3.405   |   0.351   |   2.389
2.  	BARCELONA             |    92.666     |      80.062       |   6.731   |   3.516   |   0.522   |   3.672
3.  	BAYERN MUNCHEN        |    92.037     |      78.658       |   6.225   |   3.479   |   0.559   |   3.888
4.  	LIVERPOOL             |    91.322     |      78.309       |   6.488   |   3.219   |   0.496   |   3.195
5.  	ATL MADRID            |    87.369     |      73.587       |   5.806   |   2.609   |   0.449   |   2.345
6.  	REAL MADRID           |    87.196     |      72.740       |   5.410   |   2.679   |   0.495   |   2.653
7.  	MANCHESTER UNITED     |    87.420     |      72.206       |   5.062   |   2.824   |   0.558   |   3.150
8.  	PSG                   |    86.332     |      70.748       |   4.816   |   2.718   |   0.564   |   3.067
9.  	CHELSEA               |    86.008     |      70.843       |   4.966   |   2.614   |   0.526   |   2.752
10.  	DORTMUND              |    85.584     |      69.464       |   4.545   |   2.693   |   0.592   |   3.190
11.  	LEIPZIG               |    84.005     |      68.647       |   4.690   |   2.399   |   0.512   |   2.455
12.  	ATALANTA              |    83.376     |      66.087       |   3.971   |   2.588   |   0.652   |   3.372
13.  	REAL SOCIEDAD         |    82.363     |      66.345       |   4.271   |   2.314   |   0.542   |   2.507
14.  	JUVENTUS              |    82.764     |      65.869       |   4.029   |   2.467   |   0.612   |   3.022
15.  	INTER                 |    83.057     |      65.502       |   3.870   |   2.589   |   0.669   |   3.464
16.  	SEVILLA               |    81.871     |      66.236       |   4.356   |   2.220   |   0.510   |   2.262
17.  	VILLARREAL            |    80.373     |      63.937       |   3.928   |   2.184   |   0.556   |   2.429
18.  	NAPOLI                |    80.457     |      63.311       |   3.734   |   2.279   |   0.610   |   2.781
19.  	LEICESTER             |    80.133     |      63.220       |   3.765   |   2.222   |   0.590   |   2.622
20.  	LYON                  |    80.083     |      62.912       |   3.691   |   2.249   |   0.609   |   2.742
21.  	TOTTENHAM             |    79.962     |      62.815       |   3.685   |   2.236   |   0.607   |   2.714
22.  	MILAN                 |    79.843     |      61.260       |   3.340   |   2.411   |   0.722   |   3.480
23.  	ARSENAL               |    78.720     |      62.037       |   3.683   |   2.081   |   0.565   |   2.351
24.  	ASTON VILLA           |    79.003     |      61.393       |   3.477   |   2.215   |   0.637   |   2.822
25.  	BAYER LEVERKUSEN      |    77.537     |      60.440       |   3.455   |   2.043   |   0.591   |   2.415
26.  	MONCHENGLADBACH       |    77.650     |      59.025       |   3.137   |   2.237   |   0.713   |   3.190
27.  	WEST HAM              |    76.760     |      58.847       |   3.197   |   2.085   |   0.652   |   2.719
28.  	EINTRACHT FRANKFURT   |    77.209     |      58.204       |   3.029   |   2.253   |   0.744   |   3.351
29.  	ROMA                  |    77.141     |      57.892       |   2.981   |   2.279   |   0.765   |   3.486
30.  	WOLFSBURG             |    76.234     |      58.510       |   3.186   |   2.026   |   0.636   |   2.578
31.  	PORTO                 |    76.029     |      57.680       |   3.044   |   2.088   |   0.686   |   2.863
32.  	MONACO                |    75.538     |      55.943       |   2.793   |   2.211   |   0.792   |   3.501
33.  	BRIGHTON              |    74.124     |      56.287       |   2.964   |   1.908   |   0.644   |   2.457
34.  	EVERTON               |    73.945     |      55.744       |   2.882   |   1.940   |   0.673   |   2.611
35.  	SOUTHAMPTON           |    73.856     |      55.617       |   2.868   |   1.939   |   0.676   |   2.622
36.  	LEEDS                 |    74.535     |      54.761       |   2.686   |   2.169   |   0.808   |   3.503
37.  	ATL BILBAO            |    73.023     |      55.380       |   2.897   |   1.825   |   0.630   |   2.299
38.  	LILLE                 |    72.414     |      55.328       |   2.943   |   1.732   |   0.589   |   2.039
39.  	LAZIO                 |    73.202     |      54.175       |   2.685   |   1.995   |   0.743   |   2.966
40.  	BETIS                 |    73.056     |      54.197       |   2.698   |   1.967   |   0.729   |   2.868
41.  	BENFICA               |    71.941     |      53.635       |   2.687   |   1.842   |   0.686   |   2.525
42.  	CELTA                 |    71.701     |      53.132       |   2.626   |   1.860   |   0.708   |   2.635
43.  	WOLVERHAMPTON         |    70.557     |      53.083       |   2.696   |   1.682   |   0.624   |   2.099
44.  	SPORTING              |    70.547     |      52.850       |   2.659   |   1.706   |   0.641   |   2.188
45.  	FLAMENGO              |    71.147     |      51.236       |   2.404   |   1.994   |   0.829   |   3.307
46.  	STUTTGART             |    70.724     |      50.685       |   2.358   |   1.989   |   0.844   |   3.355
47.  	LEVANTE               |    70.247     |      50.759       |   2.386   |   1.897   |   0.795   |   3.016
48.  	UNION BERLIN          |    69.574     |      50.970       |   2.444   |   1.762   |   0.721   |   2.540
49.  	HOFFENHEIM            |    69.900     |      49.880       |   2.299   |   1.946   |   0.847   |   3.295
50.  	GETAFE                |    67.256     |      50.523       |   2.510   |   1.468   |   0.585   |   1.716
51.  	FREIBURG              |    68.876     |      49.050       |   2.245   |   1.875   |   0.836   |   3.134
52.  	VALENCIA              |    68.163     |      48.988       |   2.263   |   1.766   |   0.781   |   2.757
53.  	EIBAR                 |    67.014     |      49.790       |   2.415   |   1.507   |   0.624   |   1.881
54.  	RENNES                |    67.051     |      49.238       |   2.339   |   1.569   |   0.671   |   2.107
55.  	OSASUNA               |    66.374     |      48.142       |   2.232   |   1.589   |   0.712   |   2.262
56.  	HERTHA BERLIN         |    66.725     |      47.698       |   2.171   |   1.691   |   0.779   |   2.636
57.  	GRANADA               |    66.416     |      47.494       |   2.159   |   1.667   |   0.772   |   2.576
58.  	MARSEILLE             |    65.960     |      47.723       |   2.199   |   1.574   |   0.716   |   2.254
59.  	CRYSTAL PALACE        |    66.003     |      47.084       |   2.128   |   1.652   |   0.776   |   2.564
60.  	ATLETICO-MG           |    65.692     |      45.991       |   2.030   |   1.733   |   0.853   |   2.958
61.  	BRAGA                 |    65.162     |      46.012       |   2.044   |   1.649   |   0.806   |   2.659
62.  	ALAVES                |    64.157     |      46.085       |   2.078   |   1.494   |   0.719   |   2.149
63.  	SASSUOLO              |    65.342     |      44.988       |   1.951   |   1.802   |   0.924   |   3.328
64.  	WERDER BREMEN         |    63.858     |      45.134       |   1.992   |   1.556   |   0.781   |   2.432
65.  	LENS                  |    63.455     |      44.976       |   1.985   |   1.516   |   0.764   |   2.315
66.  	INTERNACIONAL         |    63.536     |      44.791       |   1.967   |   1.548   |   0.787   |   2.438
67.  	FIORENTINA            |    63.157     |      44.454       |   1.944   |   1.532   |   0.788   |   2.414
68.  	BURNLEY               |    62.179     |      44.614       |   1.980   |   1.380   |   0.697   |   1.924
69.  	FULHAM                |    62.280     |      44.059       |   1.925   |   1.452   |   0.754   |   2.191
70.  	SAO PAULO             |    62.308     |      43.374       |   1.866   |   1.533   |   0.821   |   2.518
71.  	CADIZ                 |    61.452     |      43.855       |   1.922   |   1.363   |   0.709   |   1.931
72.  	GREMIO                |    61.622     |      43.246       |   1.865   |   1.450   |   0.778   |   2.255
73.  	NEWCASTLE             |    61.494     |      42.846       |   1.834   |   1.477   |   0.805   |   2.379
74.  	STRASBOURG            |    61.479     |      42.147       |   1.781   |   1.556   |   0.874   |   2.719
75.  	UDINESE               |    60.704     |      42.455       |   1.813   |   1.411   |   0.779   |   2.198
76.  	BORDEAUX              |    60.429     |      42.641       |   1.832   |   1.355   |   0.740   |   2.004
77.  	SHEFFIELD UNITED      |    60.128     |      42.287       |   1.807   |   1.353   |   0.749   |   2.026
78.  	HUESCA                |    59.943     |      41.841       |   1.773   |   1.376   |   0.776   |   2.135
79.  	VALLADOLID            |    60.117     |      41.645       |   1.757   |   1.421   |   0.809   |   2.299
80.  	HELLAS VERONA         |    60.191     |      41.586       |   1.752   |   1.438   |   0.821   |   2.361
81.  	PALMEIRAS             |    59.967     |      41.601       |   1.755   |   1.405   |   0.801   |   2.252
82.  	METZ                  |    58.713     |      41.039       |   1.724   |   1.300   |   0.754   |   1.962
83.  	ANGERS                |    59.095     |      40.571       |   1.687   |   1.402   |   0.831   |   2.331
84.  	BOLOGNA               |    59.669     |      40.131       |   1.656   |   1.536   |   0.927   |   2.848
85.  	TORINO                |    59.517     |      39.891       |   1.642   |   1.543   |   0.940   |   2.901
86.  	MONTPELLIER           |    59.550     |      39.305       |   1.608   |   1.623   |   1.010   |   3.278
87.  	REIMS                 |    58.315     |      39.642       |   1.629   |   1.402   |   0.860   |   2.412
88.  	SAMPDORIA             |    58.796     |      39.311       |   1.608   |   1.510   |   0.939   |   2.834
89.  	AUGSBURG              |    58.110     |      39.496       |   1.620   |   1.390   |   0.858   |   2.386
90.  	KOLN                  |    58.256     |      39.201       |   1.602   |   1.445   |   0.902   |   2.608
91.  	ST ETIENNE            |    57.662     |      39.424       |   1.617   |   1.338   |   0.828   |   2.215
92.  	MAINZ                 |    57.733     |      38.342       |   1.553   |   1.476   |   0.950   |   2.805
93.  	BREST                 |    57.691     |      37.417       |   1.505   |   1.590   |   1.056   |   3.359
94.  	BRAGANTINO            |    56.083     |      37.239       |   1.490   |   1.378   |   0.925   |   2.550
95.  	GENOA                 |    55.010     |      36.315       |   1.438   |   1.342   |   0.933   |   2.506
96.  	NICE                  |    54.892     |      36.341       |   1.439   |   1.323   |   0.920   |   2.434
97.  	VITORIA DE GUIMARAES  |    54.124     |      36.097       |   1.422   |   1.250   |   0.879   |   2.197
98.  	ELCHE                 |    53.845     |      36.106       |   1.420   |   1.213   |   0.854   |   2.071
99.  	ARMINIA               |    53.804     |      35.847       |   1.407   |   1.237   |   0.879   |   2.174
100.  	SPEZIA                |    54.233     |      35.419       |   1.391   |   1.345   |   0.967   |   2.602
101.  	PACOS DE FERREIRA     |    53.919     |      35.591       |   1.396   |   1.282   |   0.918   |   2.354
102.  	CAGLIARI              |    54.490     |      35.030       |   1.377   |   1.432   |   1.040   |   2.978
103.  	BENEVENTO             |    54.177     |      35.021       |   1.374   |   1.388   |   1.010   |   2.804
104.  	NANTES                |    53.481     |      35.183       |   1.374   |   1.272   |   0.926   |   2.355
105.  	FLUMINENSE            |    53.164     |      34.782       |   1.354   |   1.278   |   0.944   |   2.412
106.  	WEST BROM             |    52.844     |      34.031       |   1.321   |   1.328   |   1.005   |   2.670
107.  	ATHLETICO-PR          |    51.380     |      34.269       |   1.314   |   1.109   |   0.844   |   1.872
108.  	CEARA                 |    52.224     |      33.662       |   1.300   |   1.289   |   0.992   |   2.558
109.  	LORIENT               |    51.936     |      32.780       |   1.266   |   1.365   |   1.078   |   2.942
110.  	CORINTHIANS           |    50.951     |      32.825       |   1.253   |   1.222   |   0.975   |   2.384
111.  	SCHALKE 04            |    51.308     |      32.515       |   1.248   |   1.311   |   1.050   |   2.754
112.  	SANTOS                |    49.667     |      31.324       |   1.187   |   1.240   |   1.045   |   2.593
113.  	PARMA                 |    48.928     |      30.771       |   1.159   |   1.212   |   1.046   |   2.535
114.  	FORTALEZA             |    47.338     |      30.671       |   1.126   |   1.020   |   0.906   |   1.848
115.  	CROTONE               |    48.074     |      29.878       |   1.121   |   1.214   |   1.083   |   2.630
116.  	RIO AVE               |    47.234     |      30.201       |   1.112   |   1.062   |   0.955   |   2.029
117.  	DIJON                 |    46.740     |      29.905       |   1.095   |   1.036   |   0.946   |   1.961
118.  	BAHIA                 |    46.775     |      28.571       |   1.067   |   1.214   |   1.137   |   2.762
119.  	ATLETICO-GO           |    45.232     |      28.344       |   1.029   |   1.037   |   1.008   |   2.092
120.  	SANTA CLARA           |    44.971     |      27.808       |   1.014   |   1.073   |   1.058   |   2.271
121.  	PORTIMONENSE          |    44.102     |      27.272       |   0.984   |   1.030   |   1.046   |   2.155
122.  	FAMALICAO             |    44.342     |      27.090       |   0.988   |   1.086   |   1.099   |   2.386
123.  	NIMES                 |    44.483     |      26.654       |   0.986   |   1.168   |   1.184   |   2.765
124.  	GIL VICENTE           |    42.130     |      26.216       |   0.919   |   0.916   |   0.996   |   1.825
125.  	VASCO                 |    42.725     |      25.843       |   0.932   |   1.041   |   1.117   |   2.325
126.  	MARITIMO              |    41.802     |      25.555       |   0.904   |   0.959   |   1.061   |   2.035
127.  	BOAVISTA              |    41.147     |      24.929       |   0.881   |   0.959   |   1.088   |   2.085
128.  	MOREIRENSE            |    40.656     |      24.881       |   0.866   |   0.903   |   1.042   |   1.881
129.  	BOTAFOGO              |    40.604     |      23.774       |   0.861   |   1.052   |   1.222   |   2.571
130.  	FARENSE               |    39.999     |      23.548       |   0.842   |   1.002   |   1.189   |   2.382
131.  	BELENENSES            |    38.219     |      23.882       |   0.785   |   0.736   |   0.938   |   1.382
132.  	CORITIBA              |    39.158     |      23.289       |   0.816   |   0.926   |   1.135   |   2.102
133.  	GOIAS                 |    38.572     |      22.045       |   0.800   |   1.035   |   1.294   |   2.680
134.  	SPORT                 |    37.470     |      22.023       |   0.764   |   0.885   |   1.159   |   2.051
135.  	NACIONAL              |    36.580     |      21.134       |   0.739   |   0.898   |   1.216   |   2.185
136.  	TONDELA               |    36.431     |      20.757       |   0.737   |   0.937   |   1.273   |   2.386

============================================================================================================================

#           Club              |  SPI Default  |  SPI Round-Robin  |   Power   |    ATK    |    DEF    |    OFF
1.  	FLAMENGO              |    71.147     |      64.699       |   2.404   |   1.994   |   0.829   |   3.307
2.  	ATLETICO-MG           |    65.692     |      59.086       |   2.030   |   1.733   |   0.853   |   2.958
3.  	INTERNACIONAL         |    63.536     |      57.241       |   1.967   |   1.548   |   0.787   |   2.438
4.  	SAO PAULO             |    62.308     |      55.874       |   1.866   |   1.533   |   0.821   |   2.518
5.  	GREMIO                |    61.622     |      55.398       |   1.865   |   1.450   |   0.778   |   2.255
6.  	PALMEIRAS             |    59.967     |      53.669       |   1.755   |   1.405   |   0.801   |   2.252
7.  	BRAGANTINO            |    56.083     |      49.372       |   1.490   |   1.378   |   0.925   |   2.550
8.  	FLUMINENSE            |    53.164     |      46.505       |   1.354   |   1.278   |   0.944   |   2.412
9.  	CEARA                 |    52.224     |      45.427       |   1.300   |   1.289   |   0.992   |   2.558
10.  	ATHLETICO-PR          |    51.380     |      45.209       |   1.314   |   1.109   |   0.844   |   1.872
11.  	CORINTHIANS           |    50.951     |      44.285       |   1.253   |   1.222   |   0.975   |   2.384
12.  	SANTOS                |    49.667     |      42.822       |   1.187   |   1.240   |   1.045   |   2.593
13.  	FORTALEZA             |    47.338     |      41.149       |   1.126   |   1.020   |   0.906   |   1.848
14.  	BAHIA                 |    46.775     |      39.815       |   1.067   |   1.214   |   1.137   |   2.762
15.  	ATLETICO-GO           |    45.232     |      38.814       |   1.029   |   1.037   |   1.008   |   2.092
16.  	VASCO                 |    42.725     |      36.152       |   0.932   |   1.041   |   1.117   |   2.325
17.  	BOTAFOGO              |    40.604     |      33.914       |   0.861   |   1.052   |   1.222   |   2.571
18.  	CORITIBA              |    39.158     |      32.853       |   0.816   |   0.926   |   1.135   |   2.102
19.  	GOIAS                 |    38.572     |      31.893       |   0.800   |   1.035   |   1.294   |   2.680
20.  	SPORT                 |    37.470     |      31.263       |   0.764   |   0.885   |   1.159   |   2.051

============================================================================================================================

#           Club              |  SPI Default  |  SPI Round-Robin  |   Power   |    ATK    |    DEF    |    OFF
1.  	MANCHESTER CITY       |    94.117     |      76.242       |   9.708   |   3.405   |   0.351   |   2.389
2.  	LIVERPOOL             |    91.322     |      67.988       |   6.488   |   3.219   |   0.496   |   3.195
3.  	MANCHESTER UNITED     |    87.420     |      60.753       |   5.062   |   2.824   |   0.558   |   3.150
4.  	CHELSEA               |    86.008     |      59.536       |   4.966   |   2.614   |   0.526   |   2.752
5.  	LEICESTER             |    80.133     |      51.279       |   3.765   |   2.222   |   0.590   |   2.622
6.  	TOTTENHAM             |    79.962     |      50.750       |   3.685   |   2.236   |   0.607   |   2.714
7.  	ARSENAL               |    78.720     |      50.330       |   3.683   |   2.081   |   0.565   |   2.351
8.  	ASTON VILLA           |    79.003     |      49.133       |   3.477   |   2.215   |   0.637   |   2.822
9.  	WEST HAM              |    76.760     |      46.582       |   3.197   |   2.085   |   0.652   |   2.719
10.  	BRIGHTON              |    74.124     |      44.254       |   2.964   |   1.908   |   0.644   |   2.457
11.  	EVERTON               |    73.945     |      43.528       |   2.882   |   1.940   |   0.673   |   2.611
12.  	SOUTHAMPTON           |    73.856     |      43.387       |   2.868   |   1.939   |   0.676   |   2.622
13.  	LEEDS                 |    74.535     |      41.668       |   2.686   |   2.169   |   0.808   |   3.503
14.  	WOLVERHAMPTON         |    70.557     |      41.491       |   2.696   |   1.682   |   0.624   |   2.099
15.  	CRYSTAL PALACE        |    66.003     |      35.091       |   2.128   |   1.652   |   0.776   |   2.564
16.  	BURNLEY               |    62.179     |      33.564       |   1.980   |   1.380   |   0.697   |   1.924
17.  	FULHAM                |    62.280     |      32.686       |   1.925   |   1.452   |   0.754   |   2.191
18.  	NEWCASTLE             |    61.494     |      31.333       |   1.834   |   1.477   |   0.805   |   2.379
19.  	SHEFFIELD UNITED      |    60.128     |      31.256       |   1.807   |   1.353   |   0.749   |   2.026
20.  	WEST BROM             |    52.844     |      23.170       |   1.321   |   1.328   |   1.005   |   2.670

============================================================================================================================

#           Club              |  SPI Default  |  SPI Round-Robin  |   Power   |    ATK    |    DEF    |    OFF
1.  	BAYERN MUNCHEN        |    92.037     |      74.704       |   6.225   |   3.479   |   0.559   |   3.888
2.  	DORTMUND              |    85.584     |      64.484       |   4.545   |   2.693   |   0.592   |   3.190
3.  	LEIPZIG               |    84.005     |      63.912       |   4.690   |   2.399   |   0.512   |   2.455
4.  	BAYER LEVERKUSEN      |    77.537     |      55.021       |   3.455   |   2.043   |   0.591   |   2.415
5.  	MONCHENGLADBACH       |    77.650     |      53.085       |   3.137   |   2.237   |   0.713   |   3.190
6.  	WOLFSBURG             |    76.234     |      52.861       |   3.186   |   2.026   |   0.636   |   2.578
7.  	EINTRACHT FRANKFURT   |    77.209     |      52.128       |   3.029   |   2.253   |   0.744   |   3.351
8.  	UNION BERLIN          |    69.574     |      44.945       |   2.444   |   1.762   |   0.721   |   2.540
9.  	STUTTGART             |    70.724     |      44.192       |   2.358   |   1.989   |   0.844   |   3.355
10.  	HOFFENHEIM            |    69.900     |      43.386       |   2.299   |   1.946   |   0.847   |   3.295
11.  	FREIBURG              |    68.876     |      42.611       |   2.245   |   1.875   |   0.836   |   3.134
12.  	HERTHA BERLIN         |    66.725     |      41.505       |   2.171   |   1.691   |   0.779   |   2.636
13.  	WERDER BREMEN         |    63.858     |      39.018       |   1.992   |   1.556   |   0.781   |   2.432
14.  	AUGSBURG              |    58.110     |      33.380       |   1.620   |   1.390   |   0.858   |   2.386
15.  	KOLN                  |    58.256     |      32.944       |   1.602   |   1.445   |   0.902   |   2.608
16.  	MAINZ                 |    57.733     |      31.975       |   1.553   |   1.476   |   0.950   |   2.805
17.  	ARMINIA               |    53.804     |      29.928       |   1.407   |   1.237   |   0.879   |   2.174
18.  	SCHALKE 04            |    51.308     |      26.332       |   1.248   |   1.311   |   1.050   |   2.754

============================================================================================================================

#           Club              |  SPI Default  |  SPI Round-Robin  |   Power   |    ATK    |    DEF    |    OFF
1.  	PORTO                 |    76.029     |      71.361       |   3.044   |   2.088   |   0.686   |   2.863
2.  	BENFICA               |    71.941     |      67.330       |   2.687   |   1.842   |   0.686   |   2.525
3.  	SPORTING              |    70.547     |      66.125       |   2.659   |   1.706   |   0.641   |   2.188
4.  	BRAGA                 |    65.162     |      60.347       |   2.044   |   1.649   |   0.806   |   2.659
5.  	VITORIA DE GUIMARAES  |    54.124     |      49.644       |   1.422   |   1.250   |   0.879   |   2.197
6.  	PACOS DE FERREIRA     |    53.919     |      49.356       |   1.396   |   1.282   |   0.918   |   2.354
7.  	RIO AVE               |    47.234     |      43.014       |   1.112   |   1.062   |   0.955   |   2.029
8.  	SANTA CLARA           |    44.971     |      40.715       |   1.014   |   1.073   |   1.058   |   2.271
9.  	FAMALICAO             |    44.342     |      40.064       |   0.988   |   1.086   |   1.099   |   2.386
10.  	PORTIMONENSE          |    44.102     |      39.932       |   0.984   |   1.030   |   1.046   |   2.155
11.  	GIL VICENTE           |    42.130     |      38.192       |   0.919   |   0.916   |   0.996   |   1.825
12.  	MARITIMO              |    41.802     |      37.781       |   0.904   |   0.959   |   1.061   |   2.035
13.  	BOAVISTA              |    41.147     |      37.133       |   0.881   |   0.959   |   1.088   |   2.085
14.  	MOREIRENSE            |    40.656     |      36.752       |   0.866   |   0.903   |   1.042   |   1.881
15.  	FARENSE               |    39.999     |      35.931       |   0.842   |   1.002   |   1.189   |   2.382
16.  	BELENENSES            |    38.219     |      34.668       |   0.785   |   0.736   |   0.938   |   1.382
17.  	NACIONAL              |    36.580     |      32.767       |   0.739   |   0.898   |   1.216   |   2.185
18.  	TONDELA               |    36.431     |      32.567       |   0.737   |   0.937   |   1.273   |   2.386

============================================================================================================================

#           Club              |  SPI Default  |  SPI Round-Robin  |   Power   |    ATK    |    DEF    |    OFF
1.  	BARCELONA             |    92.666     |      72.098       |   6.731   |   3.516   |   0.522   |   3.672
2.  	ATL MADRID            |    87.369     |      65.186       |   5.806   |   2.609   |   0.449   |   2.345
3.  	REAL MADRID           |    87.196     |      64.027       |   5.410   |   2.679   |   0.495   |   2.653
4.  	SEVILLA               |    81.871     |      57.190       |   4.356   |   2.220   |   0.510   |   2.262
5.  	REAL SOCIEDAD         |    82.363     |      57.108       |   4.271   |   2.314   |   0.542   |   2.507
6.  	VILLARREAL            |    80.373     |      54.607       |   3.928   |   2.184   |   0.556   |   2.429
7.  	ATL BILBAO            |    73.023     |      45.910       |   2.897   |   1.825   |   0.630   |   2.299
8.  	BETIS                 |    73.056     |      44.231       |   2.698   |   1.967   |   0.729   |   2.868
9.  	CELTA                 |    71.701     |      43.361       |   2.626   |   1.860   |   0.708   |   2.635
10.  	GETAFE                |    67.256     |      41.736       |   2.510   |   1.468   |   0.585   |   1.716
11.  	EIBAR                 |    67.014     |      40.822       |   2.415   |   1.507   |   0.624   |   1.881
12.  	LEVANTE               |    70.247     |      40.708       |   2.386   |   1.897   |   0.795   |   3.016
13.  	VALENCIA              |    68.163     |      39.187       |   2.263   |   1.766   |   0.781   |   2.757
14.  	OSASUNA               |    66.374     |      38.816       |   2.232   |   1.589   |   0.712   |   2.262
15.  	GRANADA               |    66.416     |      37.898       |   2.159   |   1.667   |   0.772   |   2.576
16.  	ALAVES                |    64.157     |      36.955       |   2.078   |   1.494   |   0.719   |   2.149
17.  	CADIZ                 |    61.452     |      35.073       |   1.922   |   1.363   |   0.709   |   1.931
18.  	HUESCA                |    59.943     |      32.960       |   1.773   |   1.376   |   0.776   |   2.135
19.  	VALLADOLID            |    60.117     |      32.613       |   1.757   |   1.421   |   0.809   |   2.299
20.  	ELCHE                 |    53.845     |      27.750       |   1.420   |   1.213   |   0.854   |   2.071

============================================================================================================================

#           Club              |  SPI Default  |  SPI Round-Robin  |   Power   |    ATK    |    DEF    |    OFF
1.  	ATALANTA              |    83.376     |      66.620       |   3.971   |   2.588   |   0.652   |   3.372
2.  	JUVENTUS              |    82.764     |      66.396       |   4.029   |   2.467   |   0.612   |   3.022
3.  	INTER                 |    83.057     |      66.001       |   3.870   |   2.589   |   0.669   |   3.464
4.  	NAPOLI                |    80.457     |      63.707       |   3.734   |   2.279   |   0.610   |   2.781
5.  	MILAN                 |    79.843     |      61.516       |   3.340   |   2.411   |   0.722   |   3.480
6.  	ROMA                  |    77.141     |      57.949       |   2.981   |   2.279   |   0.765   |   3.486
7.  	LAZIO                 |    73.202     |      54.044       |   2.685   |   1.995   |   0.743   |   2.966
8.  	SASSUOLO              |    65.342     |      44.298       |   1.951   |   1.802   |   0.924   |   3.328
9.  	FIORENTINA            |    63.157     |      43.836       |   1.944   |   1.532   |   0.788   |   2.414
10.  	UDINESE               |    60.704     |      41.763       |   1.813   |   1.411   |   0.779   |   2.198
11.  	HELLAS VERONA         |    60.191     |      40.826       |   1.752   |   1.438   |   0.821   |   2.361
12.  	BOLOGNA               |    59.669     |      39.233       |   1.656   |   1.536   |   0.927   |   2.848
13.  	TORINO                |    59.517     |      38.974       |   1.642   |   1.543   |   0.940   |   2.901
14.  	SAMPDORIA             |    58.796     |      38.373       |   1.608   |   1.510   |   0.939   |   2.834
15.  	GENOA                 |    55.010     |      35.279       |   1.438   |   1.342   |   0.933   |   2.506
16.  	SPEZIA                |    54.233     |      34.328       |   1.391   |   1.345   |   0.967   |   2.602
17.  	BENEVENTO             |    54.177     |      33.884       |   1.374   |   1.388   |   1.010   |   2.804
18.  	CAGLIARI              |    54.490     |      33.869       |   1.377   |   1.432   |   1.040   |   2.978
19.  	PARMA                 |    48.928     |      29.499       |   1.159   |   1.212   |   1.046   |   2.535
20.  	CROTONE               |    48.074     |      28.557       |   1.121   |   1.214   |   1.083   |   2.630

============================================================================================================================

#           Club              |  SPI Default  |  SPI Round-Robin  |   Power   |    ATK    |    DEF    |    OFF
1.  	PSG                   |    86.332     |      73.399       |   4.816   |   2.718   |   0.564   |   3.067
2.  	LYON                  |    80.083     |      65.485       |   3.691   |   2.249   |   0.609   |   2.742
3.  	MONACO                |    75.538     |      58.594       |   2.793   |   2.211   |   0.792   |   3.501
4.  	LILLE                 |    72.414     |      57.594       |   2.943   |   1.732   |   0.589   |   2.039
5.  	RENNES                |    67.051     |      51.389       |   2.339   |   1.569   |   0.671   |   2.107
6.  	MARSEILLE             |    65.960     |      49.868       |   2.199   |   1.574   |   0.716   |   2.254
7.  	LENS                  |    63.455     |      47.045       |   1.985   |   1.516   |   0.764   |   2.315
8.  	BORDEAUX              |    60.429     |      44.561       |   1.832   |   1.355   |   0.740   |   2.004
9.  	STRASBOURG            |    61.479     |      44.180       |   1.781   |   1.556   |   0.874   |   2.719
10.  	METZ                  |    58.713     |      42.893       |   1.724   |   1.300   |   0.754   |   1.962
11.  	ANGERS                |    59.095     |      42.475       |   1.687   |   1.402   |   0.831   |   2.331
12.  	REIMS                 |    58.315     |      41.520       |   1.629   |   1.402   |   0.860   |   2.412
13.  	MONTPELLIER           |    59.550     |      41.281       |   1.608   |   1.623   |   1.010   |   3.278
14.  	ST ETIENNE            |    57.662     |      41.261       |   1.617   |   1.338   |   0.828   |   2.215
15.  	BREST                 |    57.691     |      39.301       |   1.505   |   1.590   |   1.056   |   3.359
16.  	NICE                  |    54.892     |      38.071       |   1.439   |   1.323   |   0.920   |   2.434
17.  	NANTES                |    53.481     |      36.848       |   1.374   |   1.272   |   0.926   |   2.355
18.  	LORIENT               |    51.936     |      34.372       |   1.266   |   1.365   |   1.078   |   2.942
19.  	DIJON                 |    46.740     |      31.269       |   1.095   |   1.036   |   0.946   |   1.961
20.  	NIMES                 |    44.483     |      27.871       |   0.986   |   1.168   |   1.184   |   2.765
