#           Club              |  SPI Default  |  SPI Round-Robin  |   Power   |    ATK    |    DEF    |    OFF
1.  	BAYERN MUNCHEN        |    95.597     |      86.219       |   8.773   |   4.210   |   0.480   |   4.041
2.  	MANCHESTER CITY       |    95.247     |      85.928       |   9.213   |   3.910   |   0.424   |   3.318
3.  	LIVERPOOL             |    92.699     |      80.788       |   7.032   |   3.449   |   0.490   |   3.383
4.  	BARCELONA             |    91.181     |      78.078       |   6.214   |   3.257   |   0.524   |   3.414
5.  	REAL MADRID           |    89.895     |      77.471       |   6.697   |   2.866   |   0.428   |   2.453
6.  	ATL MADRID            |    85.817     |      71.687       |   5.318   |   2.485   |   0.467   |   2.323
7.  	CHELSEA               |    86.109     |      70.684       |   4.750   |   2.704   |   0.569   |   3.077
8.  	MANCHESTER UNITED     |    85.201     |      69.934       |   4.736   |   2.562   |   0.541   |   2.771
9.  	PSG                   |    85.418     |      69.409       |   4.473   |   2.694   |   0.602   |   3.245
10.  	DORTMUND              |    85.122     |      69.268       |   4.503   |   2.633   |   0.585   |   3.079
11.  	JUVENTUS              |    84.804     |      68.536       |   4.332   |   2.651   |   0.612   |   3.245
12.  	LEIPZIG               |    83.758     |      67.410       |   4.214   |   2.536   |   0.602   |   3.054
13.  	ARSENAL               |    82.713     |      66.365       |   4.118   |   2.422   |   0.588   |   2.849
14.  	INTER                 |    83.041     |      65.897       |   3.913   |   2.564   |   0.655   |   3.362
15.  	TOTTENHAM             |    80.680     |      63.726       |   3.749   |   2.302   |   0.614   |   2.827
16.  	SEVILLA               |    79.756     |      63.624       |   3.891   |   2.122   |   0.545   |   2.314
17.  	VILLARREAL            |    80.139     |      62.680       |   3.570   |   2.318   |   0.649   |   3.009
18.  	LEICESTER             |    79.434     |      61.964       |   3.503   |   2.258   |   0.645   |   2.911
19.  	NAPOLI                |    78.785     |      61.490       |   3.484   |   2.183   |   0.627   |   2.735
20.  	ATALANTA              |    78.942     |      60.895       |   3.330   |   2.290   |   0.688   |   3.149
21.  	MILAN                 |    79.280     |      60.572       |   3.226   |   2.405   |   0.746   |   3.586
22.  	BENFICA               |    77.864     |      59.924       |   3.256   |   2.190   |   0.673   |   2.947
23.  	BAYER LEVERKUSEN      |    76.885     |      59.098       |   3.199   |   2.099   |   0.656   |   2.754
24.  	WOLVERHAMPTON         |    76.057     |      59.698       |   3.442   |   1.880   |   0.546   |   2.053
25.  	EVERTON               |    76.636     |      59.002       |   3.207   |   2.063   |   0.643   |   2.654
26.  	LYON                  |    75.886     |      58.761       |   3.245   |   1.953   |   0.602   |   2.352
27.  	PORTO                 |    75.834     |      58.243       |   3.142   |   2.004   |   0.638   |   2.555
28.  	MONCHENGLADBACH       |    75.723     |      57.269       |   2.969   |   2.099   |   0.707   |   2.968
29.  	REAL SOCIEDAD         |    74.171     |      56.931       |   3.056   |   1.860   |   0.609   |   2.264
30.  	BETIS                 |    73.562     |      55.594       |   2.865   |   1.906   |   0.665   |   2.537
31.  	ROMA                  |    73.442     |      54.210       |   2.657   |   2.050   |   0.771   |   3.162
32.  	SOUTHAMPTON           |    72.944     |      54.251       |   2.695   |   1.955   |   0.725   |   2.837
33.  	WOLFSBURG             |    72.356     |      54.223       |   2.732   |   1.858   |   0.680   |   2.526
34.  	LAZIO                 |    72.873     |      53.715       |   2.622   |   2.007   |   0.765   |   3.072
35.  	GETAFE                |    70.897     |      54.583       |   2.921   |   1.591   |   0.545   |   1.733
36.  	BRIGHTON              |    71.582     |      53.332       |   2.648   |   1.830   |   0.691   |   2.529
37.  	GRANADA               |    71.430     |      53.280       |   2.650   |   1.811   |   0.683   |   2.474
38.  	EINTRACHT FRANKFURT   |    71.433     |      52.058       |   2.480   |   1.954   |   0.788   |   3.078
39.  	HERTHA BERLIN         |    71.316     |      52.101       |   2.492   |   1.928   |   0.774   |   2.984
40.  	WEST HAM              |    70.836     |      51.628       |   2.455   |   1.903   |   0.775   |   2.948
41.  	ATL BILBAO            |    69.837     |      52.081       |   2.573   |   1.689   |   0.657   |   2.219
42.  	CELTA                 |    69.891     |      51.876       |   2.539   |   1.720   |   0.677   |   2.330
43.  	HOFFENHEIM            |    71.056     |      51.000       |   2.371   |   2.018   |   0.851   |   3.437
44.  	VALENCIA              |    69.800     |      50.606       |   2.378   |   1.850   |   0.778   |   2.879
45.  	RENNES                |    69.267     |      50.940       |   2.445   |   1.726   |   0.706   |   2.436
46.  	OSASUNA               |    68.610     |      50.509       |   2.421   |   1.671   |   0.690   |   2.308
47.  	CRYSTAL PALACE        |    68.523     |      50.499       |   2.424   |   1.659   |   0.685   |   2.272
48.  	LILLE                 |    68.331     |      50.633       |   2.452   |   1.616   |   0.659   |   2.131
49.  	LEEDS                 |    69.069     |      49.604       |   2.291   |   1.848   |   0.806   |   2.980
50.  	FIORENTINA            |    68.537     |      49.926       |   2.350   |   1.725   |   0.734   |   2.531
51.  	FLAMENGO              |    68.351     |      49.420       |   2.298   |   1.753   |   0.763   |   2.674
52.  	MONACO                |    68.343     |      48.701       |   2.220   |   1.836   |   0.827   |   3.038
53.  	BURNLEY               |    67.617     |      48.915       |   2.268   |   1.696   |   0.747   |   2.535
54.  	MARSEILLE             |    67.541     |      48.779       |   2.256   |   1.699   |   0.753   |   2.560
55.  	SHEFFIELD UNITED      |    66.262     |      48.044       |   2.220   |   1.588   |   0.715   |   2.272
56.  	LEVANTE               |    67.020     |      47.340       |   2.122   |   1.784   |   0.841   |   3.001
57.  	EIBAR                 |    65.750     |      47.807       |   2.211   |   1.539   |   0.696   |   2.144
58.  	MONTPELLIER           |    66.162     |      46.618       |   2.075   |   1.734   |   0.836   |   2.898
59.  	GREMIO                |    65.152     |      47.289       |   2.174   |   1.509   |   0.694   |   2.096
60.  	FREIBURG              |    65.848     |      45.811       |   2.010   |   1.782   |   0.886   |   3.159
61.  	PALMEIRAS             |    64.575     |      46.687       |   2.126   |   1.491   |   0.701   |   2.092
62.  	SASSUOLO              |    66.054     |      45.577       |   1.986   |   1.845   |   0.929   |   3.426
63.  	ATLETICO-MG           |    65.045     |      45.761       |   2.022   |   1.662   |   0.822   |   2.732
64.  	ST ETIENNE            |    64.460     |      45.859       |   2.045   |   1.564   |   0.765   |   2.392
65.  	NEWCASTLE             |    64.606     |      45.746       |   2.031   |   1.598   |   0.787   |   2.515
66.  	ASTON VILLA           |    64.155     |      45.593       |   2.027   |   1.549   |   0.764   |   2.368
67.  	ALAVES                |    63.705     |      45.539       |   2.033   |   1.491   |   0.734   |   2.188
68.  	CADIZ                 |    62.411     |      45.107       |   2.023   |   1.361   |   0.673   |   1.833
69.  	KOLN                  |    64.069     |      43.555       |   1.859   |   1.778   |   0.956   |   3.400
70.  	VALLADOLID            |    62.283     |      44.658       |   1.981   |   1.390   |   0.702   |   1.950
71.  	INTERNACIONAL         |    61.664     |      43.889       |   1.922   |   1.387   |   0.722   |   2.001
72.  	AUGSBURG              |    62.635     |      43.021       |   1.836   |   1.620   |   0.882   |   2.859
73.  	WERDER BREMEN         |    62.729     |      42.929       |   1.828   |   1.645   |   0.900   |   2.962
74.  	ELCHE                 |    61.695     |      43.366       |   1.875   |   1.446   |   0.771   |   2.229
75.  	MAINZ                 |    62.453     |      42.442       |   1.796   |   1.663   |   0.926   |   3.079
76.  	UNION BERLIN          |    61.894     |      42.425       |   1.800   |   1.581   |   0.878   |   2.776
77.  	STUTTGART             |    62.090     |      41.774       |   1.753   |   1.690   |   0.964   |   3.258
78.  	FULHAM                |    61.329     |      42.221       |   1.790   |   1.522   |   0.850   |   2.588
79.  	SCHALKE 04            |    61.156     |      41.564       |   1.745   |   1.574   |   0.902   |   2.839
80.  	SPORTING              |    60.167     |      41.980       |   1.784   |   1.388   |   0.778   |   2.159
81.  	BOLOGNA               |    61.143     |      41.291       |   1.727   |   1.605   |   0.929   |   2.983
82.  	LENS                  |    59.795     |      41.124       |   1.724   |   1.431   |   0.830   |   2.374
83.  	HUESCA                |    59.367     |      41.009       |   1.719   |   1.385   |   0.806   |   2.232
84.  	NANTES                |    59.540     |      40.875       |   1.709   |   1.424   |   0.833   |   2.372
85.  	WEST BROM             |    59.211     |      39.853       |   1.644   |   1.495   |   0.909   |   2.719
86.  	BRAGA                 |    59.351     |      39.638       |   1.631   |   1.542   |   0.945   |   2.914
87.  	BORDEAUX              |    58.124     |      40.321       |   1.679   |   1.296   |   0.772   |   2.000
88.  	SAMPDORIA             |    59.155     |      39.439       |   1.620   |   1.537   |   0.949   |   2.917
89.  	NICE                  |    58.779     |      39.443       |   1.620   |   1.482   |   0.915   |   2.712
90.  	ARMINIA               |    58.409     |      39.366       |   1.616   |   1.439   |   0.891   |   2.563
91.  	ANGERS                |    57.877     |      39.623       |   1.633   |   1.338   |   0.819   |   2.192
92.  	HELLAS VERONA         |    58.622     |      39.081       |   1.599   |   1.503   |   0.940   |   2.826
93.  	GENOA                 |    58.881     |      38.569       |   1.572   |   1.606   |   1.022   |   3.282
94.  	UDINESE               |    57.534     |      38.777       |   1.582   |   1.386   |   0.877   |   2.430
95.  	CAGLIARI              |    57.626     |      38.645       |   1.574   |   1.414   |   0.898   |   2.541
96.  	NIMES                 |    57.850     |      38.346       |   1.558   |   1.482   |   0.951   |   2.818
97.  	TORINO                |    57.976     |      38.262       |   1.554   |   1.510   |   0.972   |   2.936
98.  	SAO PAULO             |    57.018     |      38.868       |   1.587   |   1.307   |   0.824   |   2.154
99.  	REIMS                 |    56.218     |      38.019       |   1.537   |   1.296   |   0.843   |   2.186
100.  	PARMA                 |    56.891     |      36.678       |   1.472   |   1.552   |   1.055   |   3.274
101.  	STRASBOURG            |    55.771     |      37.155       |   1.489   |   1.334   |   0.896   |   2.391
102.  	BREST                 |    54.620     |      35.047       |   1.385   |   1.431   |   1.033   |   2.957
103.  	VITORIA DE GUIMARAES  |    53.500     |      35.406       |   1.390   |   1.235   |   0.889   |   2.196
104.  	METZ                  |    53.231     |      35.568       |   1.395   |   1.183   |   0.848   |   2.008
105.  	BENEVENTO             |    53.636     |      34.488       |   1.353   |   1.363   |   1.007   |   2.746
106.  	RIO AVE               |    53.383     |      34.588       |   1.354   |   1.315   |   0.972   |   2.556
107.  	ATHLETICO-PR          |    51.786     |      34.492       |   1.333   |   1.121   |   0.842   |   1.887
108.  	LORIENT               |    53.192     |      33.548       |   1.313   |   1.421   |   1.082   |   3.075
109.  	SPEZIA                |    52.447     |      33.749       |   1.311   |   1.291   |   0.985   |   2.542
110.  	SANTOS                |    51.412     |      33.205       |   1.278   |   1.219   |   0.954   |   2.325
111.  	FLUMINENSE            |    50.630     |      32.857       |   1.255   |   1.159   |   0.924   |   2.142
112.  	CROTONE               |    51.238     |      32.437       |   1.250   |   1.290   |   1.032   |   2.663
113.  	CORINTHIANS           |    50.158     |      31.393       |   1.202   |   1.276   |   1.061   |   2.708
114.  	FORTALEZA             |    48.642     |      31.593       |   1.181   |   1.056   |   0.894   |   1.888
115.  	FAMALICAO             |    49.358     |      30.562       |   1.166   |   1.274   |   1.093   |   2.784
116.  	BRAGANTINO            |    49.244     |      30.536       |   1.163   |   1.262   |   1.085   |   2.737
117.  	VASCO                 |    48.174     |      30.251       |   1.136   |   1.155   |   1.016   |   2.347
118.  	DIJON                 |    47.962     |      29.969       |   1.125   |   1.162   |   1.033   |   2.400
119.  	MOREIRENSE            |    47.528     |      29.902       |   1.115   |   1.114   |   0.999   |   2.226
120.  	CEARA                 |    47.460     |      29.929       |   1.114   |   1.102   |   0.989   |   2.180
121.  	SANTA CLARA           |    46.920     |      29.057       |   1.084   |   1.140   |   1.052   |   2.400
122.  	BAHIA                 |    47.041     |      28.743       |   1.080   |   1.198   |   1.109   |   2.655
123.  	PORTIMONENSE          |    44.219     |      26.944       |   0.986   |   1.059   |   1.075   |   2.277
124.  	GIL VICENTE           |    43.952     |      26.544       |   0.974   |   1.077   |   1.106   |   2.381
125.  	ATLETICO-GO           |    43.633     |      26.493       |   0.965   |   1.042   |   1.079   |   2.250
126.  	BOTAFOGO              |    42.985     |      26.033       |   0.943   |   1.018   |   1.080   |   2.199
127.  	PACOS DE FERREIRA     |    42.707     |      25.041       |   0.927   |   1.118   |   1.205   |   2.694
128.  	BELENENSES            |    41.812     |      25.314       |   0.905   |   0.962   |   1.064   |   2.046
129.  	MARITIMO              |    40.533     |      24.267       |   0.861   |   0.936   |   1.087   |   2.036
130.  	SPORT                 |    40.638     |      24.187       |   0.864   |   0.960   |   1.112   |   2.135
131.  	TONDELA               |    40.606     |      23.740       |   0.861   |   1.018   |   1.181   |   2.404
132.  	BOAVISTA              |    40.359     |      23.816       |   0.854   |   0.974   |   1.141   |   2.223
133.  	GOIAS                 |    40.817     |      23.508       |   0.867   |   1.081   |   1.247   |   2.695
134.  	CORITIBA              |    39.347     |      23.439       |   0.822   |   0.896   |   1.089   |   1.951
135.  	NACIONAL              |    39.774     |      22.544       |   0.835   |   1.082   |   1.295   |   2.802
136.  	FARENSE               |    38.619     |      21.984       |   0.801   |   1.006   |   1.256   |   2.526

============================================================================================================================

#           Club              |  SPI Default  |  SPI Round-Robin  |   Power   |    ATK    |    DEF    |    OFF
1.  	FLAMENGO              |    68.351     |      61.786       |   2.298   |   1.753   |   0.763   |   2.674
2.  	GREMIO                |    65.152     |      58.929       |   2.174   |   1.509   |   0.694   |   2.096
3.  	ATLETICO-MG           |    65.045     |      58.245       |   2.022   |   1.662   |   0.822   |   2.732
4.  	PALMEIRAS             |    64.575     |      58.327       |   2.126   |   1.491   |   0.701   |   2.092
5.  	INTERNACIONAL         |    61.664     |      55.386       |   1.922   |   1.387   |   0.722   |   2.001
6.  	SAO PAULO             |    57.018     |      50.448       |   1.587   |   1.307   |   0.824   |   2.154
7.  	ATHLETICO-PR          |    51.786     |      45.415       |   1.333   |   1.121   |   0.842   |   1.887
8.  	SANTOS                |    51.412     |      44.623       |   1.278   |   1.219   |   0.954   |   2.325
9.  	FLUMINENSE            |    50.630     |      44.006       |   1.255   |   1.159   |   0.924   |   2.142
10.  	CORINTHIANS           |    50.158     |      43.064       |   1.202   |   1.276   |   1.061   |   2.708
11.  	BRAGANTINO            |    49.244     |      42.137       |   1.163   |   1.262   |   1.085   |   2.737
12.  	FORTALEZA             |    48.642     |      42.268       |   1.181   |   1.056   |   0.894   |   1.888
13.  	VASCO                 |    48.174     |      41.384       |   1.136   |   1.155   |   1.016   |   2.347
14.  	CEARA                 |    47.460     |      40.821       |   1.114   |   1.102   |   0.989   |   2.180
15.  	BAHIA                 |    47.041     |      40.026       |   1.080   |   1.198   |   1.109   |   2.655
16.  	ATLETICO-GO           |    43.633     |      37.009       |   0.965   |   1.042   |   1.079   |   2.250
17.  	BOTAFOGO              |    42.985     |      36.420       |   0.943   |   1.018   |   1.080   |   2.199
18.  	SPORT                 |    40.638     |      34.201       |   0.864   |   0.960   |   1.112   |   2.135
19.  	GOIAS                 |    40.817     |      33.969       |   0.867   |   1.081   |   1.247   |   2.695
20.  	CORITIBA              |    39.347     |      33.109       |   0.822   |   0.896   |   1.089   |   1.951

============================================================================================================================

#           Club              |  SPI Default  |  SPI Round-Robin  |   Power   |    ATK    |    DEF    |    OFF
1.  	MANCHESTER CITY       |    95.247     |      77.961       |   9.213   |   3.910   |   0.424   |   3.318
2.  	LIVERPOOL             |    92.699     |      71.122       |   7.032   |   3.449   |   0.490   |   3.383
3.  	CHELSEA               |    86.109     |      59.185       |   4.750   |   2.704   |   0.569   |   3.077
4.  	MANCHESTER UNITED     |    85.201     |      58.612       |   4.736   |   2.562   |   0.541   |   2.771
5.  	ARSENAL               |    82.713     |      54.555       |   4.118   |   2.422   |   0.588   |   2.849
6.  	TOTTENHAM             |    80.680     |      51.704       |   3.749   |   2.302   |   0.614   |   2.827
7.  	LEICESTER             |    79.434     |      49.734       |   3.503   |   2.258   |   0.645   |   2.911
8.  	WOLVERHAMPTON         |    76.057     |      48.348       |   3.442   |   1.880   |   0.546   |   2.053
9.  	EVERTON               |    76.636     |      46.889       |   3.207   |   2.063   |   0.643   |   2.654
10.  	SOUTHAMPTON           |    72.944     |      41.843       |   2.695   |   1.955   |   0.725   |   2.837
11.  	BRIGHTON              |    71.582     |      41.260       |   2.648   |   1.830   |   0.691   |   2.529
12.  	WEST HAM              |    70.836     |      39.121       |   2.455   |   1.903   |   0.775   |   2.948
13.  	CRYSTAL PALACE        |    68.523     |      38.772       |   2.424   |   1.659   |   0.685   |   2.272
14.  	LEEDS                 |    69.069     |      37.113       |   2.291   |   1.848   |   0.806   |   2.980
15.  	BURNLEY               |    67.617     |      36.916       |   2.268   |   1.696   |   0.747   |   2.535
16.  	SHEFFIELD UNITED      |    66.262     |      36.390       |   2.220   |   1.588   |   0.715   |   2.272
17.  	NEWCASTLE             |    64.606     |      33.912       |   2.031   |   1.598   |   0.787   |   2.515
18.  	ASTON VILLA           |    64.155     |      33.936       |   2.027   |   1.549   |   0.764   |   2.368
19.  	FULHAM                |    61.329     |      30.545       |   1.790   |   1.522   |   0.850   |   2.588
20.  	WEST BROM             |    59.211     |      28.252       |   1.644   |   1.495   |   0.909   |   2.719

============================================================================================================================

#           Club              |  SPI Default  |  SPI Round-Robin  |   Power   |    ATK    |    DEF    |    OFF
1.  	BAYERN MUNCHEN        |    95.597     |      83.849       |   8.773   |   4.210   |   0.480   |   4.041
2.  	DORTMUND              |    85.122     |      64.726       |   4.503   |   2.633   |   0.585   |   3.079
3.  	LEIPZIG               |    83.758     |      62.684       |   4.214   |   2.536   |   0.602   |   3.054
4.  	BAYER LEVERKUSEN      |    76.885     |      53.776       |   3.199   |   2.099   |   0.656   |   2.754
5.  	MONCHENGLADBACH       |    75.723     |      51.707       |   2.969   |   2.099   |   0.707   |   2.968
6.  	WOLFSBURG             |    72.356     |      48.700       |   2.732   |   1.858   |   0.680   |   2.526
7.  	HERTHA BERLIN         |    71.316     |      46.209       |   2.492   |   1.928   |   0.774   |   2.984
8.  	EINTRACHT FRANKFURT   |    71.433     |      46.117       |   2.480   |   1.954   |   0.788   |   3.078
9.  	HOFFENHEIM            |    71.056     |      44.835       |   2.371   |   2.018   |   0.851   |   3.437
10.  	FREIBURG              |    65.848     |      39.563       |   2.010   |   1.782   |   0.886   |   3.159
11.  	KOLN                  |    64.069     |      37.130       |   1.859   |   1.778   |   0.956   |   3.400
12.  	AUGSBURG              |    62.635     |      36.856       |   1.836   |   1.620   |   0.882   |   2.859
13.  	WERDER BREMEN         |    62.729     |      36.707       |   1.828   |   1.645   |   0.900   |   2.962
14.  	MAINZ                 |    62.453     |      36.150       |   1.796   |   1.663   |   0.926   |   3.079
15.  	UNION BERLIN          |    61.894     |      36.295       |   1.800   |   1.581   |   0.878   |   2.776
16.  	STUTTGART             |    62.090     |      35.382       |   1.753   |   1.690   |   0.964   |   3.258
17.  	SCHALKE 04            |    61.156     |      35.384       |   1.745   |   1.574   |   0.902   |   2.839
18.  	ARMINIA               |    58.409     |      33.322       |   1.616   |   1.439   |   0.891   |   2.563

============================================================================================================================

#           Club              |  SPI Default  |  SPI Round-Robin  |   Power   |    ATK    |    DEF    |    OFF
1.  	BENFICA               |    77.864     |      74.051       |   3.256   |   2.190   |   0.673   |   2.947
2.  	PORTO                 |    75.834     |      72.135       |   3.142   |   2.004   |   0.638   |   2.555
3.  	SPORTING              |    60.167     |      56.040       |   1.784   |   1.388   |   0.778   |   2.159
4.  	BRAGA                 |    59.351     |      54.729       |   1.631   |   1.542   |   0.945   |   2.914
5.  	VITORIA DE GUIMARAES  |    53.500     |      49.189       |   1.390   |   1.235   |   0.889   |   2.196
6.  	RIO AVE               |    53.383     |      48.854       |   1.354   |   1.315   |   0.972   |   2.556
7.  	FAMALICAO             |    49.358     |      44.684       |   1.166   |   1.274   |   1.093   |   2.784
8.  	MOREIRENSE            |    47.528     |      43.138       |   1.115   |   1.114   |   0.999   |   2.226
9.  	SANTA CLARA           |    46.920     |      42.436       |   1.084   |   1.140   |   1.052   |   2.400
10.  	PORTIMONENSE          |    44.219     |      39.805       |   0.986   |   1.059   |   1.075   |   2.277
11.  	GIL VICENTE           |    43.952     |      39.489       |   0.974   |   1.077   |   1.106   |   2.381
12.  	PACOS DE FERREIRA     |    42.707     |      38.120       |   0.927   |   1.118   |   1.205   |   2.694
13.  	BELENENSES            |    41.812     |      37.533       |   0.905   |   0.962   |   1.064   |   2.046
14.  	MARITIMO              |    40.533     |      36.272       |   0.861   |   0.936   |   1.087   |   2.036
15.  	TONDELA               |    40.606     |      36.172       |   0.861   |   1.018   |   1.181   |   2.404
16.  	BOAVISTA              |    40.359     |      36.010       |   0.854   |   0.974   |   1.141   |   2.223
17.  	NACIONAL              |    39.774     |      35.205       |   0.835   |   1.082   |   1.295   |   2.802
18.  	FARENSE               |    38.619     |      34.177       |   0.801   |   1.006   |   1.256   |   2.526

============================================================================================================================

#           Club              |  SPI Default  |  SPI Round-Robin  |   Power   |    ATK    |    DEF    |    OFF
1.  	BARCELONA             |    91.181     |      69.471       |   6.214   |   3.257   |   0.524   |   3.414
2.  	REAL MADRID           |    89.895     |      69.226       |   6.697   |   2.866   |   0.428   |   2.453
3.  	ATL MADRID            |    85.817     |      62.757       |   5.318   |   2.485   |   0.467   |   2.323
4.  	SEVILLA               |    79.756     |      54.089       |   3.891   |   2.122   |   0.545   |   2.314
5.  	VILLARREAL            |    80.139     |      52.549       |   3.570   |   2.318   |   0.649   |   3.009
6.  	REAL SOCIEDAD         |    74.171     |      47.266       |   3.056   |   1.860   |   0.609   |   2.264
7.  	BETIS                 |    73.562     |      45.670       |   2.865   |   1.906   |   0.665   |   2.537
8.  	GETAFE                |    70.897     |      45.504       |   2.921   |   1.591   |   0.545   |   1.733
9.  	GRANADA               |    71.430     |      43.427       |   2.650   |   1.811   |   0.683   |   2.474
10.  	ATL BILBAO            |    69.837     |      42.497       |   2.573   |   1.689   |   0.657   |   2.219
11.  	CELTA                 |    69.891     |      42.186       |   2.539   |   1.720   |   0.677   |   2.330
12.  	VALENCIA              |    69.800     |      40.453       |   2.378   |   1.850   |   0.778   |   2.879
13.  	OSASUNA               |    68.610     |      40.876       |   2.421   |   1.671   |   0.690   |   2.308
14.  	EIBAR                 |    65.750     |      38.441       |   2.211   |   1.539   |   0.696   |   2.144
15.  	LEVANTE               |    67.020     |      37.206       |   2.122   |   1.784   |   0.841   |   3.001
16.  	ALAVES                |    63.705     |      36.238       |   2.033   |   1.491   |   0.734   |   2.188
17.  	CADIZ                 |    62.411     |      36.232       |   2.023   |   1.361   |   0.673   |   1.833
18.  	VALLADOLID            |    62.283     |      35.671       |   1.981   |   1.390   |   0.702   |   1.950
19.  	ELCHE                 |    61.695     |      34.154       |   1.875   |   1.446   |   0.771   |   2.229
20.  	HUESCA                |    59.367     |      31.965       |   1.719   |   1.385   |   0.806   |   2.232

============================================================================================================================

#           Club              |  SPI Default  |  SPI Round-Robin  |   Power   |    ATK    |    DEF    |    OFF
1.  	JUVENTUS              |    84.804     |      69.193       |   4.332   |   2.651   |   0.612   |   3.245
2.  	INTER                 |    83.041     |      66.398       |   3.913   |   2.564   |   0.655   |   3.362
3.  	NAPOLI                |    78.785     |      61.755       |   3.484   |   2.183   |   0.627   |   2.735
4.  	ATALANTA              |    78.942     |      61.098       |   3.330   |   2.290   |   0.688   |   3.149
5.  	MILAN                 |    79.280     |      60.731       |   3.226   |   2.405   |   0.746   |   3.586
6.  	ROMA                  |    73.442     |      53.988       |   2.657   |   2.050   |   0.771   |   3.162
7.  	LAZIO                 |    72.873     |      53.469       |   2.622   |   2.007   |   0.765   |   3.072
8.  	FIORENTINA            |    68.537     |      49.505       |   2.350   |   1.725   |   0.734   |   2.531
9.  	SASSUOLO              |    66.054     |      44.782       |   1.986   |   1.845   |   0.929   |   3.426
10.  	BOLOGNA               |    61.143     |      40.298       |   1.727   |   1.605   |   0.929   |   2.983
11.  	SAMPDORIA             |    59.155     |      38.354       |   1.620   |   1.537   |   0.949   |   2.917
12.  	HELLAS VERONA         |    58.622     |      37.990       |   1.599   |   1.503   |   0.940   |   2.826
13.  	GENOA                 |    58.881     |      37.385       |   1.572   |   1.606   |   1.022   |   3.282
14.  	UDINESE               |    57.534     |      37.735       |   1.582   |   1.386   |   0.877   |   2.430
15.  	CAGLIARI              |    57.626     |      37.577       |   1.574   |   1.414   |   0.898   |   2.541
16.  	TORINO                |    57.976     |      37.111       |   1.554   |   1.510   |   0.972   |   2.936
17.  	PARMA                 |    56.891     |      35.395       |   1.472   |   1.552   |   1.055   |   3.274
18.  	BENEVENTO             |    53.636     |      33.178       |   1.353   |   1.363   |   1.007   |   2.746
19.  	SPEZIA                |    52.447     |      32.440       |   1.311   |   1.291   |   0.985   |   2.542
20.  	CROTONE               |    51.238     |      31.049       |   1.250   |   1.290   |   1.032   |   2.663

============================================================================================================================

#           Club              |  SPI Default  |  SPI Round-Robin  |   Power   |    ATK    |    DEF    |    OFF
1.  	PSG                   |    85.418     |      72.103       |   4.473   |   2.694   |   0.602   |   3.245
2.  	LYON                  |    75.886     |      61.097       |   3.245   |   1.953   |   0.602   |   2.352
3.  	RENNES                |    69.267     |      53.134       |   2.445   |   1.726   |   0.706   |   2.436
4.  	LILLE                 |    68.331     |      52.739       |   2.452   |   1.616   |   0.659   |   2.131
5.  	MONACO                |    68.343     |      50.955       |   2.220   |   1.836   |   0.827   |   3.038
6.  	MARSEILLE             |    67.541     |      50.939       |   2.256   |   1.699   |   0.753   |   2.560
7.  	MONTPELLIER           |    66.162     |      48.772       |   2.075   |   1.734   |   0.836   |   2.898
8.  	ST ETIENNE            |    64.460     |      47.890       |   2.045   |   1.564   |   0.765   |   2.392
9.  	LENS                  |    59.795     |      42.983       |   1.724   |   1.431   |   0.830   |   2.374
10.  	NANTES                |    59.540     |      42.724       |   1.709   |   1.424   |   0.833   |   2.372
11.  	BORDEAUX              |    58.124     |      42.087       |   1.679   |   1.296   |   0.772   |   2.000
12.  	NICE                  |    58.779     |      41.281       |   1.620   |   1.482   |   0.915   |   2.712
13.  	ANGERS                |    57.877     |      41.396       |   1.633   |   1.338   |   0.819   |   2.192
14.  	NIMES                 |    57.850     |      40.147       |   1.558   |   1.482   |   0.951   |   2.818
15.  	REIMS                 |    56.218     |      39.729       |   1.537   |   1.296   |   0.843   |   2.186
16.  	STRASBOURG            |    55.771     |      38.856       |   1.489   |   1.334   |   0.896   |   2.391
17.  	BREST                 |    54.620     |      36.701       |   1.385   |   1.431   |   1.033   |   2.957
18.  	METZ                  |    53.231     |      37.156       |   1.395   |   1.183   |   0.848   |   2.008
19.  	LORIENT               |    53.192     |      35.132       |   1.313   |   1.421   |   1.082   |   3.075
20.  	DIJON                 |    47.962     |      31.334       |   1.125   |   1.162   |   1.033   |   2.400
