#           Club              |  SPI Default  |  SPI Round-Robin  |   Power   |    ATK    |    DEF    |    OFF
1.  	MANCHESTER CITY       |    92.464     |      81.387       |   8.058   |   3.184   |   0.395   |   2.517
2.  	BAYERN MUNCHEN        |    93.005     |      80.575       |   6.736   |   3.620   |   0.537   |   3.890
3.  	LIVERPOOL             |    92.297     |      79.512       |   6.533   |   3.462   |   0.530   |   3.670
4.  	BARCELONA             |    91.255     |      77.496       |   5.933   |   3.359   |   0.566   |   3.804
5.  	REAL MADRID           |    88.348     |      74.243       |   5.632   |   2.821   |   0.501   |   2.825
6.  	ATL MADRID            |    87.527     |      74.157       |   6.020   |   2.587   |   0.430   |   2.224
7.  	CHELSEA               |    87.317     |      72.522       |   5.206   |   2.759   |   0.530   |   2.925
8.  	PSG                   |    85.978     |      70.168       |   4.665   |   2.713   |   0.582   |   3.155
9.  	MANCHESTER UNITED     |    85.615     |      69.486       |   4.516   |   2.709   |   0.600   |   3.251
10.  	DORTMUND              |    85.343     |      69.458       |   4.582   |   2.639   |   0.576   |   3.040
11.  	LEIPZIG               |    84.648     |      69.672       |   4.886   |   2.432   |   0.498   |   2.420
12.  	JUVENTUS              |    83.405     |      66.752       |   4.144   |   2.513   |   0.606   |   3.047
13.  	REAL SOCIEDAD         |    82.748     |      66.951       |   4.366   |   2.332   |   0.534   |   2.491
14.  	TOTTENHAM             |    81.263     |      64.659       |   3.952   |   2.290   |   0.579   |   2.654
15.  	NAPOLI                |    81.066     |      64.667       |   3.994   |   2.247   |   0.562   |   2.527
16.  	VILLARREAL            |    81.067     |      64.588       |   3.970   |   2.256   |   0.568   |   2.565
17.  	INTER                 |    81.920     |      63.828       |   3.620   |   2.549   |   0.704   |   3.589
18.  	MILAN                 |    81.466     |      63.296       |   3.563   |   2.514   |   0.706   |   3.547
19.  	BAYER LEVERKUSEN      |    80.369     |      63.449       |   3.773   |   2.249   |   0.596   |   2.681
20.  	ATALANTA              |    80.922     |      62.922       |   3.554   |   2.438   |   0.686   |   3.344
21.  	SEVILLA               |    78.950     |      62.970       |   3.899   |   2.023   |   0.519   |   2.098
22.  	LEICESTER             |    79.344     |      61.927       |   3.546   |   2.224   |   0.627   |   2.789
23.  	LYON                  |    78.952     |      61.870       |   3.591   |   2.151   |   0.599   |   2.578
24.  	SOUTHAMPTON           |    78.855     |      61.382       |   3.486   |   2.191   |   0.628   |   2.754
25.  	ASTON VILLA           |    78.204     |      60.632       |   3.400   |   2.152   |   0.633   |   2.724
26.  	ROMA                  |    77.945     |      59.085       |   3.114   |   2.293   |   0.736   |   3.377
27.  	ARSENAL               |    76.207     |      59.068       |   3.304   |   1.960   |   0.593   |   2.326
28.  	EVERTON               |    76.603     |      58.334       |   3.107   |   2.120   |   0.682   |   2.893
29.  	WEST HAM              |    75.978     |      57.741       |   3.056   |   2.073   |   0.678   |   2.812
30.  	MONCHENGLADBACH       |    75.873     |      56.777       |   2.897   |   2.172   |   0.750   |   3.256
31.  	BENFICA               |    74.663     |      56.170       |   2.894   |   2.019   |   0.698   |   2.817
32.  	CELTA                 |    74.392     |      55.779       |   2.850   |   2.017   |   0.708   |   2.854
33.  	WOLFSBURG             |    74.164     |      55.934       |   2.895   |   1.958   |   0.676   |   2.647
34.  	LILLE                 |    72.749     |      55.395       |   2.922   |   1.780   |   0.609   |   2.168
35.  	PORTO                 |    73.462     |      54.824       |   2.766   |   1.964   |   0.710   |   2.790
36.  	EINTRACHT FRANKFURT   |    73.705     |      54.296       |   2.670   |   2.072   |   0.776   |   3.216
37.  	MONACO                |    73.717     |      54.146       |   2.649   |   2.093   |   0.790   |   3.308
38.  	WOLVERHAMPTON         |    72.275     |      55.159       |   2.922   |   1.729   |   0.592   |   2.047
39.  	LEEDS                 |    73.912     |      53.894       |   2.603   |   2.162   |   0.830   |   3.590
40.  	BRIGHTON              |    72.472     |      54.298       |   2.754   |   1.855   |   0.674   |   2.500
41.  	ATL BILBAO            |    71.664     |      54.063       |   2.777   |   1.750   |   0.630   |   2.206
42.  	UNION BERLIN          |    70.544     |      51.630       |   2.483   |   1.842   |   0.742   |   2.732
43.  	HOFFENHEIM            |    70.995     |      50.971       |   2.381   |   1.998   |   0.839   |   3.354
44.  	MARSEILLE             |    69.604     |      51.428       |   2.506   |   1.714   |   0.684   |   2.345
45.  	HERTHA BERLIN         |    70.003     |      50.867       |   2.412   |   1.842   |   0.764   |   2.813
46.  	LAZIO                 |    69.853     |      50.438       |   2.366   |   1.868   |   0.789   |   2.948
47.  	GETAFE                |    68.197     |      51.659       |   2.632   |   1.485   |   0.564   |   1.676
48.  	STUTTGART             |    69.796     |      49.795       |   2.295   |   1.936   |   0.844   |   3.267
49.  	BETIS                 |    69.288     |      50.043       |   2.343   |   1.821   |   0.777   |   2.831
50.  	FLAMENGO              |    69.704     |      49.637       |   2.282   |   1.940   |   0.850   |   3.300
51.  	SPORTING              |    68.484     |      50.009       |   2.373   |   1.698   |   0.715   |   2.429
52.  	LEVANTE               |    68.698     |      49.621       |   2.317   |   1.775   |   0.766   |   2.721
53.  	RENNES                |    68.079     |      49.925       |   2.381   |   1.646   |   0.691   |   2.274
54.  	GRANADA               |    68.561     |      49.413       |   2.298   |   1.778   |   0.773   |   2.750
55.  	VALENCIA              |    68.617     |      49.136       |   2.265   |   1.819   |   0.803   |   2.922
56.  	EIBAR                 |    65.998     |      48.909       |   2.347   |   1.455   |   0.620   |   1.803
57.  	OSASUNA               |    66.523     |      47.993       |   2.212   |   1.625   |   0.734   |   2.387
58.  	CRYSTAL PALACE        |    66.782     |      47.700       |   2.172   |   1.697   |   0.781   |   2.652
59.  	FREIBURG              |    67.057     |      47.281       |   2.122   |   1.790   |   0.843   |   3.019
60.  	SASSUOLO              |    66.768     |      46.717       |   2.076   |   1.812   |   0.873   |   3.163
61.  	SAO PAULO             |    64.806     |      46.396       |   2.095   |   1.549   |   0.739   |   2.291
62.  	ATLETICO-MG           |    65.001     |      45.306       |   1.987   |   1.703   |   0.857   |   2.919
63.  	GREMIO                |    64.016     |      45.760       |   2.051   |   1.506   |   0.734   |   2.211
64.  	NEWCASTLE             |    64.276     |      45.177       |   1.990   |   1.608   |   0.808   |   2.599
65.  	ALAVES                |    63.094     |      45.337       |   2.033   |   1.424   |   0.700   |   1.995
66.  	LENS                  |    63.397     |      44.483       |   1.946   |   1.558   |   0.801   |   2.497
67.  	FULHAM                |    63.226     |      44.551       |   1.955   |   1.526   |   0.781   |   2.384
68.  	WERDER BREMEN         |    63.446     |      44.338       |   1.932   |   1.582   |   0.819   |   2.591
69.  	BRAGA                 |    62.980     |      43.709       |   1.887   |   1.587   |   0.841   |   2.668
70.  	BURNLEY               |    61.839     |      43.867       |   1.920   |   1.409   |   0.734   |   2.067
71.  	VALLADOLID            |    61.909     |      43.395       |   1.877   |   1.469   |   0.782   |   2.299
72.  	CADIZ                 |    61.009     |      43.782       |   1.928   |   1.309   |   0.679   |   1.778
73.  	HUESCA                |    61.527     |      43.195       |   1.866   |   1.438   |   0.771   |   2.216
74.  	PALMEIRAS             |    61.496     |      42.964       |   1.848   |   1.459   |   0.790   |   2.305
75.  	FIORENTINA            |    61.689     |      42.696       |   1.824   |   1.516   |   0.831   |   2.521
76.  	MONTPELLIER           |    62.109     |      42.135       |   1.779   |   1.645   |   0.925   |   3.044
77.  	SHEFFIELD UNITED      |    61.010     |      42.616       |   1.826   |   1.430   |   0.783   |   2.241
78.  	KOLN                  |    61.379     |      42.061       |   1.780   |   1.546   |   0.868   |   2.684
79.  	INTERNACIONAL         |    60.697     |      42.499       |   1.820   |   1.401   |   0.769   |   2.156
80.  	UDINESE               |    60.675     |      42.502       |   1.821   |   1.397   |   0.767   |   2.145
81.  	HELLAS VERONA         |    60.201     |      41.350       |   1.738   |   1.460   |   0.840   |   2.452
82.  	BORDEAUX              |    59.413     |      41.746       |   1.775   |   1.312   |   0.739   |   1.938
83.  	BOLOGNA               |    60.590     |      40.635       |   1.689   |   1.602   |   0.949   |   3.040
84.  	SAMPDORIA             |    60.101     |      40.473       |   1.680   |   1.549   |   0.922   |   2.858
85.  	STRASBOURG            |    59.632     |      40.093       |   1.658   |   1.527   |   0.921   |   2.814
86.  	NICE                  |    59.229     |      40.282       |   1.671   |   1.447   |   0.866   |   2.507
87.  	AUGSBURG              |    59.085     |      40.273       |   1.671   |   1.428   |   0.855   |   2.441
88.  	ANGERS                |    58.217     |      39.624       |   1.632   |   1.383   |   0.848   |   2.345
89.  	ST ETIENNE            |    57.860     |      39.641       |   1.634   |   1.334   |   0.816   |   2.177
90.  	BREST                 |    58.355     |      37.940       |   1.537   |   1.611   |   1.048   |   3.376
91.  	METZ                  |    56.693     |      38.656       |   1.574   |   1.289   |   0.819   |   2.112
92.  	TORINO                |    57.976     |      37.641       |   1.521   |   1.593   |   1.047   |   3.336
93.  	ELCHE                 |    55.853     |      38.237       |   1.548   |   1.227   |   0.793   |   1.946
94.  	MAINZ                 |    57.006     |      37.411       |   1.506   |   1.479   |   0.982   |   2.904
95.  	CAGLIARI              |    56.282     |      36.683       |   1.467   |   1.466   |   1.000   |   2.931
96.  	REIMS                 |    55.721     |      36.809       |   1.470   |   1.371   |   0.933   |   2.558
97.  	BENEVENTO             |    55.225     |      36.350       |   1.445   |   1.358   |   0.940   |   2.554
98.  	NANTES                |    55.018     |      36.067       |   1.430   |   1.364   |   0.954   |   2.603
99.  	PARMA                 |    54.248     |      35.104       |   1.382   |   1.377   |   0.997   |   2.745
100.  	SPEZIA                |    54.230     |      35.074       |   1.380   |   1.378   |   0.999   |   2.753
101.  	VITORIA DE GUIMARAES  |    53.384     |      35.583       |   1.395   |   1.205   |   0.864   |   2.081
102.  	ARMINIA               |    53.355     |      35.262       |   1.380   |   1.237   |   0.897   |   2.219
103.  	WEST BROM             |    53.251     |      34.833       |   1.361   |   1.274   |   0.936   |   2.386
104.  	FLUMINENSE            |    53.016     |      34.850       |   1.359   |   1.241   |   0.913   |   2.267
105.  	BRAGANTINO            |    52.723     |      34.454       |   1.339   |   1.249   |   0.933   |   2.330
106.  	GENOA                 |    51.976     |      32.993       |   1.276   |   1.330   |   1.042   |   2.770
107.  	RIO AVE               |    50.879     |      33.647       |   1.285   |   1.108   |   0.862   |   1.909
108.  	CEARA                 |    51.698     |      33.110       |   1.276   |   1.276   |   1.000   |   2.552
109.  	SANTOS                |    51.459     |      32.883       |   1.265   |   1.272   |   1.006   |   2.559
110.  	ATHLETICO-PR          |    50.030     |      32.854       |   1.244   |   1.092   |   0.878   |   1.917
111.  	SCHALKE 04            |    50.968     |      32.104       |   1.233   |   1.305   |   1.059   |   2.763
112.  	CORINTHIANS           |    49.465     |      31.671       |   1.196   |   1.158   |   0.968   |   2.243
113.  	PACOS DE FERREIRA     |    49.250     |      31.321       |   1.182   |   1.173   |   0.992   |   2.328
114.  	LORIENT               |    49.338     |      30.929       |   1.173   |   1.235   |   1.053   |   2.600
115.  	FORTALEZA             |    48.114     |      31.229       |   1.159   |   1.041   |   0.898   |   1.870
116.  	CROTONE               |    47.997     |      30.189       |   1.129   |   1.150   |   1.019   |   2.344
117.  	DIJON                 |    46.430     |      29.332       |   1.077   |   1.055   |   0.980   |   2.068
118.  	BAHIA                 |    46.884     |      28.423       |   1.069   |   1.236   |   1.156   |   2.857
119.  	NIMES                 |    46.588     |      28.474       |   1.064   |   1.187   |   1.116   |   2.650
120.  	FAMALICAO             |    46.525     |      28.496       |   1.063   |   1.175   |   1.106   |   2.601
121.  	ATLETICO-GO           |    43.833     |      27.165       |   0.977   |   0.997   |   1.020   |   2.032
122.  	SANTA CLARA           |    43.990     |      26.673       |   0.975   |   1.081   |   1.109   |   2.399
123.  	GIL VICENTE           |    43.523     |      26.880       |   0.966   |   0.994   |   1.029   |   2.044
124.  	PORTIMONENSE          |    43.098     |      26.632       |   0.951   |   0.971   |   1.021   |   1.984
125.  	BOAVISTA              |    42.702     |      26.278       |   0.937   |   0.967   |   1.032   |   1.995
126.  	BOTAFOGO              |    43.156     |      25.854       |   0.945   |   1.083   |   1.146   |   2.482
127.  	VASCO                 |    42.591     |      25.554       |   0.927   |   1.049   |   1.131   |   2.373
128.  	MOREIRENSE            |    41.160     |      25.421       |   0.885   |   0.884   |   0.999   |   1.766
129.  	FARENSE               |    42.019     |      24.899       |   0.907   |   1.064   |   1.174   |   2.499
130.  	MARITIMO              |    41.483     |      25.091       |   0.893   |   0.966   |   1.083   |   2.093
131.  	BELENENSES            |    39.589     |      24.759       |   0.833   |   0.779   |   0.936   |   1.459
132.  	GOIAS                 |    39.740     |      22.929       |   0.834   |   1.043   |   1.250   |   2.607
133.  	CORITIBA              |    38.549     |      22.655       |   0.797   |   0.921   |   1.155   |   2.127
134.  	SPORT                 |    37.953     |      22.093       |   0.779   |   0.923   |   1.185   |   2.187
135.  	TONDELA               |    36.869     |      20.954       |   0.749   |   0.949   |   1.267   |   2.405
136.  	NACIONAL              |    36.389     |      20.801       |   0.734   |   0.906   |   1.235   |   2.239

============================================================================================================================

#           Club              |  SPI Default  |  SPI Round-Robin  |   Power   |    ATK    |    DEF    |    OFF
1.  	FLAMENGO              |    69.704     |      62.997       |   2.282   |   1.940   |   0.850   |   3.300
2.  	SAO PAULO             |    64.806     |      58.599       |   2.095   |   1.549   |   0.739   |   2.291
3.  	ATLETICO-MG           |    65.001     |      58.263       |   1.987   |   1.703   |   0.857   |   2.919
4.  	GREMIO                |    64.016     |      57.844       |   2.051   |   1.506   |   0.734   |   2.211
5.  	PALMEIRAS             |    61.496     |      55.110       |   1.848   |   1.459   |   0.790   |   2.305
6.  	INTERNACIONAL         |    60.697     |      54.422       |   1.820   |   1.401   |   0.769   |   2.156
7.  	FLUMINENSE            |    53.016     |      46.418       |   1.359   |   1.241   |   0.913   |   2.267
8.  	BRAGANTINO            |    52.723     |      46.064       |   1.339   |   1.249   |   0.933   |   2.330
9.  	CEARA                 |    51.698     |      44.841       |   1.276   |   1.276   |   1.000   |   2.552
10.  	SANTOS                |    51.459     |      44.595       |   1.265   |   1.272   |   1.006   |   2.559
11.  	ATHLETICO-PR          |    50.030     |      43.738       |   1.244   |   1.092   |   0.878   |   1.917
12.  	CORINTHIANS           |    49.465     |      42.861       |   1.196   |   1.158   |   0.968   |   2.243
13.  	FORTALEZA             |    48.114     |      41.862       |   1.159   |   1.041   |   0.898   |   1.870
14.  	BAHIA                 |    46.884     |      39.820       |   1.069   |   1.236   |   1.156   |   2.857
15.  	ATLETICO-GO           |    43.833     |      37.458       |   0.977   |   0.997   |   1.020   |   2.032
16.  	BOTAFOGO              |    43.156     |      36.435       |   0.945   |   1.083   |   1.146   |   2.482
17.  	VASCO                 |    42.591     |      35.965       |   0.927   |   1.049   |   1.131   |   2.373
18.  	GOIAS                 |    39.740     |      33.049       |   0.834   |   1.043   |   1.250   |   2.607
19.  	CORITIBA              |    38.549     |      32.241       |   0.797   |   0.921   |   1.155   |   2.127
20.  	SPORT                 |    37.953     |      31.625       |   0.779   |   0.923   |   1.185   |   2.187

============================================================================================================================

#           Club              |  SPI Default  |  SPI Round-Robin  |   Power   |    ATK    |    DEF    |    OFF
1.  	MANCHESTER CITY       |    92.464     |      72.534       |   8.058   |   3.184   |   0.395   |   2.517
2.  	LIVERPOOL             |    92.297     |      69.393       |   6.533   |   3.462   |   0.530   |   3.670
3.  	CHELSEA               |    87.317     |      61.438       |   5.206   |   2.759   |   0.530   |   2.925
4.  	MANCHESTER UNITED     |    85.615     |      57.649       |   4.516   |   2.709   |   0.600   |   3.251
5.  	TOTTENHAM             |    81.263     |      52.838       |   3.952   |   2.290   |   0.579   |   2.654
6.  	LEICESTER             |    79.344     |      49.742       |   3.546   |   2.224   |   0.627   |   2.789
7.  	SOUTHAMPTON           |    78.855     |      49.199       |   3.486   |   2.191   |   0.628   |   2.754
8.  	ASTON VILLA           |    78.204     |      48.433       |   3.400   |   2.152   |   0.633   |   2.724
9.  	ARSENAL               |    76.207     |      47.256       |   3.304   |   1.960   |   0.593   |   2.326
10.  	EVERTON               |    76.603     |      45.840       |   3.107   |   2.120   |   0.682   |   2.893
11.  	WEST HAM              |    75.978     |      45.309       |   3.056   |   2.073   |   0.678   |   2.812
12.  	WOLVERHAMPTON         |    72.275     |      43.606       |   2.922   |   1.729   |   0.592   |   2.047
13.  	BRIGHTON              |    72.472     |      42.142       |   2.754   |   1.855   |   0.674   |   2.500
14.  	LEEDS                 |    73.912     |      40.626       |   2.603   |   2.162   |   0.830   |   3.590
15.  	CRYSTAL PALACE        |    66.782     |      35.458       |   2.172   |   1.697   |   0.781   |   2.652
16.  	NEWCASTLE             |    64.276     |      33.112       |   1.990   |   1.608   |   0.808   |   2.599
17.  	FULHAM                |    63.226     |      32.773       |   1.955   |   1.526   |   0.781   |   2.384
18.  	BURNLEY               |    61.839     |      32.536       |   1.920   |   1.409   |   0.734   |   2.067
19.  	SHEFFIELD UNITED      |    61.010     |      31.138       |   1.826   |   1.430   |   0.783   |   2.241
20.  	WEST BROM             |    53.251     |      23.948       |   1.361   |   1.274   |   0.936   |   2.386

============================================================================================================================

#           Club              |  SPI Default  |  SPI Round-Robin  |   Power   |    ATK    |    DEF    |    OFF
1.  	BAYERN MUNCHEN        |    93.005     |      76.850       |   6.736   |   3.620   |   0.537   |   3.890
2.  	LEIPZIG               |    84.648     |      65.069       |   4.886   |   2.432   |   0.498   |   2.420
3.  	DORTMUND              |    85.343     |      64.546       |   4.582   |   2.639   |   0.576   |   3.040
4.  	BAYER LEVERKUSEN      |    80.369     |      58.153       |   3.773   |   2.249   |   0.596   |   2.681
5.  	MONCHENGLADBACH       |    75.873     |      50.719       |   2.897   |   2.172   |   0.750   |   3.256
6.  	WOLFSBURG             |    74.164     |      50.149       |   2.895   |   1.958   |   0.676   |   2.647
7.  	EINTRACHT FRANKFURT   |    73.705     |      48.119       |   2.670   |   2.072   |   0.776   |   3.216
8.  	UNION BERLIN          |    70.544     |      45.591       |   2.483   |   1.842   |   0.742   |   2.732
9.  	HERTHA BERLIN         |    70.003     |      44.751       |   2.412   |   1.842   |   0.764   |   2.813
10.  	HOFFENHEIM            |    70.995     |      44.576       |   2.381   |   1.998   |   0.839   |   3.354
11.  	STUTTGART             |    69.796     |      43.399       |   2.295   |   1.936   |   0.844   |   3.267
12.  	FREIBURG              |    67.057     |      40.940       |   2.122   |   1.790   |   0.843   |   3.019
13.  	WERDER BREMEN         |    63.446     |      38.190       |   1.932   |   1.582   |   0.819   |   2.591
14.  	KOLN                  |    61.379     |      35.837       |   1.780   |   1.546   |   0.868   |   2.684
15.  	AUGSBURG              |    59.085     |      34.198       |   1.671   |   1.428   |   0.855   |   2.441
16.  	MAINZ                 |    57.006     |      31.090       |   1.506   |   1.479   |   0.982   |   2.904
17.  	ARMINIA               |    53.355     |      29.397       |   1.380   |   1.237   |   0.897   |   2.219
18.  	SCHALKE 04            |    50.968     |      26.011       |   1.233   |   1.305   |   1.059   |   2.763

============================================================================================================================

#           Club              |  SPI Default  |  SPI Round-Robin  |   Power   |    ATK    |    DEF    |    OFF
1.  	BENFICA               |    74.663     |      70.151       |   2.894   |   2.019   |   0.698   |   2.817
2.  	PORTO                 |    73.462     |      68.910       |   2.766   |   1.964   |   0.710   |   2.790
3.  	SPORTING              |    68.484     |      63.982       |   2.373   |   1.698   |   0.715   |   2.429
4.  	BRAGA                 |    62.980     |      58.227       |   1.887   |   1.587   |   0.841   |   2.668
5.  	VITORIA DE GUIMARAES  |    53.384     |      48.981       |   1.395   |   1.205   |   0.864   |   2.081
6.  	RIO AVE               |    50.879     |      46.612       |   1.285   |   1.108   |   0.862   |   1.909
7.  	PACOS DE FERREIRA     |    49.250     |      44.772       |   1.182   |   1.173   |   0.992   |   2.328
8.  	FAMALICAO             |    46.525     |      41.994       |   1.063   |   1.175   |   1.106   |   2.601
9.  	SANTA CLARA           |    43.990     |      39.631       |   0.975   |   1.081   |   1.109   |   2.399
10.  	GIL VICENTE           |    43.523     |      39.341       |   0.966   |   0.994   |   1.029   |   2.044
11.  	PORTIMONENSE          |    43.098     |      38.959       |   0.951   |   0.971   |   1.021   |   1.984
12.  	BOAVISTA              |    42.702     |      38.571       |   0.937   |   0.967   |   1.032   |   1.995
13.  	FARENSE               |    42.019     |      37.696       |   0.907   |   1.064   |   1.174   |   2.499
14.  	MARITIMO              |    41.483     |      37.349       |   0.893   |   0.966   |   1.083   |   2.093
15.  	MOREIRENSE            |    41.160     |      37.197       |   0.885   |   0.884   |   0.999   |   1.766
16.  	BELENENSES            |    39.589     |      35.850       |   0.833   |   0.779   |   0.936   |   1.459
17.  	TONDELA               |    36.869     |      32.827       |   0.749   |   0.949   |   1.267   |   2.405
18.  	NACIONAL              |    36.389     |      32.427       |   0.734   |   0.906   |   1.235   |   2.239

============================================================================================================================

#           Club              |  SPI Default  |  SPI Round-Robin  |   Power   |    ATK    |    DEF    |    OFF
1.  	BARCELONA             |    91.255     |      68.868       |   5.933   |   3.359   |   0.566   |   3.804
2.  	ATL MADRID            |    87.527     |      65.820       |   6.020   |   2.587   |   0.430   |   2.224
3.  	REAL MADRID           |    88.348     |      65.537       |   5.632   |   2.821   |   0.501   |   2.825
4.  	REAL SOCIEDAD         |    82.748     |      57.695       |   4.366   |   2.332   |   0.534   |   2.491
5.  	VILLARREAL            |    81.067     |      55.115       |   3.970   |   2.256   |   0.568   |   2.565
6.  	SEVILLA               |    78.950     |      53.812       |   3.899   |   2.023   |   0.519   |   2.098
7.  	CELTA                 |    74.392     |      45.777       |   2.850   |   2.017   |   0.708   |   2.854
8.  	ATL BILBAO            |    71.664     |      44.632       |   2.777   |   1.750   |   0.630   |   2.206
9.  	GETAFE                |    68.197     |      42.855       |   2.632   |   1.485   |   0.564   |   1.676
10.  	BETIS                 |    69.288     |      40.109       |   2.343   |   1.821   |   0.777   |   2.831
11.  	EIBAR                 |    65.998     |      40.023       |   2.347   |   1.455   |   0.620   |   1.803
12.  	LEVANTE               |    68.698     |      39.790       |   2.317   |   1.775   |   0.766   |   2.721
13.  	GRANADA               |    68.561     |      39.563       |   2.298   |   1.778   |   0.773   |   2.750
14.  	VALENCIA              |    68.617     |      39.154       |   2.265   |   1.819   |   0.803   |   2.922
15.  	OSASUNA               |    66.523     |      38.515       |   2.212   |   1.625   |   0.734   |   2.387
16.  	ALAVES                |    63.094     |      36.380       |   2.033   |   1.424   |   0.700   |   1.995
17.  	CADIZ                 |    61.009     |      35.163       |   1.928   |   1.309   |   0.679   |   1.778
18.  	VALLADOLID            |    61.909     |      34.228       |   1.877   |   1.469   |   0.782   |   2.299
19.  	HUESCA                |    61.527     |      34.122       |   1.866   |   1.438   |   0.771   |   2.216
20.  	ELCHE                 |    55.853     |      29.815       |   1.548   |   1.227   |   0.793   |   1.946

============================================================================================================================

#           Club              |  SPI Default  |  SPI Round-Robin  |   Power   |    ATK    |    DEF    |    OFF
1.  	JUVENTUS              |    83.405     |      67.321       |   4.144   |   2.513   |   0.606   |   3.047
2.  	NAPOLI                |    81.066     |      65.141       |   3.994   |   2.247   |   0.562   |   2.527
3.  	INTER                 |    81.920     |      64.232       |   3.620   |   2.549   |   0.704   |   3.589
4.  	MILAN                 |    81.466     |      63.671       |   3.563   |   2.514   |   0.706   |   3.547
5.  	ATALANTA              |    80.922     |      63.280       |   3.554   |   2.438   |   0.686   |   3.344
6.  	ROMA                  |    77.945     |      59.225       |   3.114   |   2.293   |   0.736   |   3.377
7.  	LAZIO                 |    69.853     |      50.102       |   2.366   |   1.868   |   0.789   |   2.948
8.  	SASSUOLO              |    66.768     |      46.148       |   2.076   |   1.812   |   0.873   |   3.163
9.  	FIORENTINA            |    61.689     |      41.978       |   1.824   |   1.516   |   0.831   |   2.521
10.  	UDINESE               |    60.675     |      41.827       |   1.821   |   1.397   |   0.767   |   2.145
11.  	HELLAS VERONA         |    60.201     |      40.571       |   1.738   |   1.460   |   0.840   |   2.452
12.  	BOLOGNA               |    60.590     |      39.744       |   1.689   |   1.602   |   0.949   |   3.040
13.  	SAMPDORIA             |    60.101     |      39.596       |   1.680   |   1.549   |   0.922   |   2.858
14.  	TORINO                |    57.976     |      36.561       |   1.521   |   1.593   |   1.047   |   3.336
15.  	CAGLIARI              |    56.282     |      35.605       |   1.467   |   1.466   |   1.000   |   2.931
16.  	BENEVENTO             |    55.225     |      35.309       |   1.445   |   1.358   |   0.940   |   2.554
17.  	PARMA                 |    54.248     |      33.977       |   1.382   |   1.377   |   0.997   |   2.745
18.  	SPEZIA                |    54.230     |      33.944       |   1.380   |   1.378   |   0.999   |   2.753
19.  	GENOA                 |    51.976     |      31.768       |   1.276   |   1.330   |   1.042   |   2.770
20.  	CROTONE               |    47.997     |      28.918       |   1.129   |   1.150   |   1.019   |   2.344

============================================================================================================================

#           Club              |  SPI Default  |  SPI Round-Robin  |   Power   |    ATK    |    DEF    |    OFF
1.  	PSG                   |    85.978     |      72.909       |   4.665   |   2.713   |   0.582   |   3.155
2.  	LYON                  |    78.952     |      64.448       |   3.591   |   2.151   |   0.599   |   2.578
3.  	LILLE                 |    72.749     |      57.761       |   2.922   |   1.780   |   0.609   |   2.168
4.  	MONACO                |    73.717     |      56.773       |   2.649   |   2.093   |   0.790   |   3.308
5.  	MARSEILLE             |    69.604     |      53.757       |   2.506   |   1.714   |   0.684   |   2.345
6.  	RENNES                |    68.079     |      52.195       |   2.381   |   1.646   |   0.691   |   2.274
7.  	LENS                  |    63.397     |      46.626       |   1.946   |   1.558   |   0.801   |   2.497
8.  	MONTPELLIER           |    62.109     |      44.274       |   1.779   |   1.645   |   0.925   |   3.044
9.  	BORDEAUX              |    59.413     |      43.672       |   1.775   |   1.312   |   0.739   |   1.938
10.  	NICE                  |    59.229     |      42.256       |   1.671   |   1.447   |   0.866   |   2.507
11.  	STRASBOURG            |    59.632     |      42.105       |   1.658   |   1.527   |   0.921   |   2.814
12.  	ANGERS                |    58.217     |      41.544       |   1.632   |   1.383   |   0.848   |   2.345
13.  	ST ETIENNE            |    57.860     |      41.533       |   1.634   |   1.334   |   0.816   |   2.177
14.  	METZ                  |    56.693     |      40.494       |   1.574   |   1.289   |   0.819   |   2.112
15.  	BREST                 |    58.355     |      39.911       |   1.537   |   1.611   |   1.048   |   3.376
16.  	REIMS                 |    55.721     |      38.630       |   1.470   |   1.371   |   0.933   |   2.558
17.  	NANTES                |    55.018     |      37.856       |   1.430   |   1.364   |   0.954   |   2.603
18.  	LORIENT               |    49.338     |      32.442       |   1.173   |   1.235   |   1.053   |   2.600
19.  	DIJON                 |    46.430     |      30.719       |   1.077   |   1.055   |   0.980   |   2.068
20.  	NIMES                 |    46.588     |      29.847       |   1.064   |   1.187   |   1.116   |   2.650
