#           Club              |  SPI Default  |  SPI Round-Robin  |   Power   |    ATK    |    DEF    |    OFF
1.  	MANCHESTER CITY       |    94.003     |      84.118       |   9.419   |   3.408   |   0.362   |   2.466
2.  	BARCELONA             |    92.590     |      79.827       |   6.597   |   3.530   |   0.535   |   3.778
3.  	BAYERN MUNCHEN        |    92.065     |      78.797       |   6.276   |   3.471   |   0.553   |   3.840
4.  	LIVERPOOL             |    90.544     |      77.112       |   6.180   |   3.118   |   0.504   |   3.145
5.  	REAL MADRID           |    87.644     |      73.567       |   5.641   |   2.694   |   0.478   |   2.573
6.  	ATL MADRID            |    87.251     |      73.741       |   5.955   |   2.557   |   0.429   |   2.196
7.  	PSG                   |    86.004     |      70.393       |   4.769   |   2.679   |   0.562   |   3.011
8.  	CHELSEA               |    85.904     |      70.409       |   4.807   |   2.650   |   0.551   |   2.921
9.  	MANCHESTER UNITED     |    85.960     |      70.268       |   4.732   |   2.685   |   0.567   |   3.047
10.  	DORTMUND              |    85.719     |      69.897       |   4.660   |   2.671   |   0.573   |   3.062
11.  	LEIPZIG               |    84.758     |      69.732       |   4.901   |   2.443   |   0.499   |   2.436
12.  	ATALANTA              |    83.413     |      66.202       |   3.991   |   2.583   |   0.647   |   3.344
13.  	REAL SOCIEDAD         |    82.239     |      66.233       |   4.257   |   2.302   |   0.541   |   2.490
14.  	TOTTENHAM             |    81.696     |      65.054       |   3.996   |   2.330   |   0.583   |   2.717
15.  	INTER                 |    82.480     |      64.362       |   3.671   |   2.607   |   0.710   |   3.701
16.  	NAPOLI                |    81.708     |      64.856       |   3.935   |   2.358   |   0.599   |   2.827
17.  	JUVENTUS              |    81.959     |      64.610       |   3.820   |   2.448   |   0.641   |   3.137
18.  	SEVILLA               |    80.761     |      64.991       |   4.181   |   2.139   |   0.512   |   2.189
19.  	VILLARREAL            |    81.142     |      64.604       |   3.972   |   2.266   |   0.570   |   2.585
20.  	LEICESTER             |    80.841     |      64.070       |   3.872   |   2.268   |   0.586   |   2.656
21.  	MILAN                 |    80.552     |      62.233       |   3.456   |   2.441   |   0.706   |   3.449
22.  	ARSENAL               |    79.044     |      62.474       |   3.745   |   2.094   |   0.559   |   2.341
23.  	BAYER LEVERKUSEN      |    78.967     |      61.891       |   3.601   |   2.148   |   0.597   |   2.563
24.  	ASTON VILLA           |    78.739     |      61.178       |   3.460   |   2.189   |   0.633   |   2.770
25.  	LYON                  |    78.370     |      60.888       |   3.443   |   2.151   |   0.625   |   2.688
26.  	WEST HAM              |    76.507     |      58.824       |   3.219   |   2.041   |   0.634   |   2.589
27.  	ROMA                  |    77.087     |      58.091       |   3.019   |   2.244   |   0.743   |   3.336
28.  	MONCHENGLADBACH       |    76.719     |      58.040       |   3.043   |   2.177   |   0.715   |   3.115
29.  	SOUTHAMPTON           |    75.571     |      58.149       |   3.183   |   1.949   |   0.612   |   2.388
30.  	EVERTON               |    75.693     |      57.624       |   3.065   |   2.033   |   0.663   |   2.697
31.  	PORTO                 |    75.293     |      56.585       |   2.913   |   2.084   |   0.715   |   2.982
32.  	EINTRACHT FRANKFURT   |    75.445     |      56.373       |   2.866   |   2.139   |   0.746   |   3.194
33.  	WOLFSBURG             |    74.785     |      56.623       |   2.964   |   1.986   |   0.670   |   2.663
34.  	BENFICA               |    74.251     |      55.962       |   2.893   |   1.969   |   0.681   |   2.680
35.  	MONACO                |    74.891     |      55.148       |   2.718   |   2.189   |   0.805   |   3.525
36.  	LEEDS                 |    73.710     |      53.845       |   2.607   |   2.130   |   0.817   |   3.482
37.  	BRIGHTON              |    72.702     |      54.458       |   2.763   |   1.876   |   0.679   |   2.547
38.  	LILLE                 |    72.172     |      54.753       |   2.856   |   1.756   |   0.615   |   2.159
39.  	BETIS                 |    72.571     |      53.653       |   2.648   |   1.948   |   0.736   |   2.865
40.  	CELTA                 |    72.298     |      53.473       |   2.639   |   1.922   |   0.728   |   2.799
41.  	ATL BILBAO            |    71.325     |      53.850       |   2.767   |   1.720   |   0.621   |   2.137
42.  	WOLVERHAMPTON         |    71.167     |      53.433       |   2.709   |   1.740   |   0.642   |   2.235
43.  	LAZIO                 |    71.798     |      52.579       |   2.542   |   1.942   |   0.764   |   2.968
44.  	UNION BERLIN          |    70.145     |      51.555       |   2.492   |   1.787   |   0.717   |   2.561
45.  	FREIBURG              |    70.167     |      50.492       |   2.358   |   1.916   |   0.813   |   3.115
46.  	SPORTING              |    69.131     |      51.001       |   2.471   |   1.689   |   0.684   |   2.310
47.  	FLAMENGO              |    69.996     |      50.213       |   2.332   |   1.922   |   0.824   |   3.166
48.  	STUTTGART             |    70.105     |      49.892       |   2.293   |   1.981   |   0.864   |   3.423
49.  	GETAFE                |    67.953     |      51.438       |   2.612   |   1.474   |   0.564   |   1.663
50.  	LEVANTE               |    69.303     |      49.761       |   2.308   |   1.860   |   0.806   |   2.998
51.  	RENNES                |    67.893     |      49.975       |   2.395   |   1.614   |   0.674   |   2.175
52.  	EIBAR                 |    67.287     |      50.071       |   2.440   |   1.517   |   0.622   |   1.886
53.  	HOFFENHEIM            |    68.808     |      48.806       |   2.221   |   1.894   |   0.853   |   3.230
54.  	HERTHA BERLIN         |    67.759     |      49.050       |   2.285   |   1.696   |   0.742   |   2.517
55.  	VALENCIA              |    67.353     |      48.063       |   2.190   |   1.747   |   0.798   |   2.787
56.  	GRANADA               |    67.182     |      48.146       |   2.204   |   1.710   |   0.776   |   2.654
57.  	MARSEILLE             |    66.532     |      48.323       |   2.247   |   1.592   |   0.708   |   2.256
58.  	OSASUNA               |    66.143     |      47.923       |   2.215   |   1.579   |   0.713   |   2.251
59.  	CRYSTAL PALACE        |    65.277     |      46.525       |   2.092   |   1.607   |   0.768   |   2.468
60.  	ALAVES                |    64.653     |      46.511       |   2.108   |   1.518   |   0.720   |   2.186
61.  	ATLETICO-MG           |    65.320     |      45.611       |   2.005   |   1.720   |   0.858   |   2.953
62.  	SASSUOLO              |    65.656     |      45.193       |   1.963   |   1.826   |   0.931   |   3.399
63.  	LENS                  |    64.179     |      45.566       |   2.025   |   1.554   |   0.767   |   2.384
64.  	FULHAM                |    63.215     |      44.980       |   1.992   |   1.481   |   0.744   |   2.204
65.  	FIORENTINA            |    63.362     |      44.644       |   1.957   |   1.539   |   0.786   |   2.421
66.  	INTERNACIONAL         |    62.992     |      44.371       |   1.940   |   1.517   |   0.782   |   2.373
67.  	WERDER BREMEN         |    62.931     |      44.304       |   1.935   |   1.516   |   0.783   |   2.375
68.  	BURNLEY               |    62.106     |      44.714       |   1.992   |   1.360   |   0.683   |   1.857
69.  	SAO PAULO             |    62.976     |      44.094       |   1.916   |   1.546   |   0.807   |   2.495
70.  	GREMIO                |    62.469     |      44.396       |   1.953   |   1.441   |   0.738   |   2.128
71.  	BRAGA                 |    63.124     |      43.850       |   1.893   |   1.596   |   0.843   |   2.691
72.  	CADIZ                 |    61.195     |      43.999       |   1.942   |   1.314   |   0.677   |   1.779
73.  	STRASBOURG            |    61.936     |      42.471       |   1.801   |   1.584   |   0.880   |   2.786
74.  	PALMEIRAS             |    61.082     |      42.672       |   1.826   |   1.439   |   0.788   |   2.267
75.  	UDINESE               |    61.072     |      42.437       |   1.808   |   1.463   |   0.810   |   2.370
76.  	BORDEAUX              |    60.168     |      42.450       |   1.820   |   1.340   |   0.736   |   1.974
77.  	NEWCASTLE             |    60.598     |      41.909       |   1.772   |   1.457   |   0.822   |   2.396
78.  	VALLADOLID            |    60.207     |      41.977       |   1.781   |   1.396   |   0.784   |   2.188
79.  	MONTPELLIER           |    61.190     |      40.924       |   1.701   |   1.664   |   0.978   |   3.256
80.  	BOLOGNA               |    60.446     |      40.860       |   1.700   |   1.559   |   0.917   |   2.860
81.  	HUESCA                |    59.560     |      41.401       |   1.744   |   1.372   |   0.787   |   2.159
82.  	SHEFFIELD UNITED      |    59.313     |      41.347       |   1.742   |   1.345   |   0.772   |   2.077
83.  	ST ETIENNE            |    58.742     |      40.454       |   1.682   |   1.367   |   0.813   |   2.221
84.  	HELLAS VERONA         |    58.826     |      40.348       |   1.674   |   1.390   |   0.830   |   2.308
85.  	ANGERS                |    58.643     |      40.259       |   1.669   |   1.375   |   0.824   |   2.266
86.  	TORINO                |    59.005     |      39.467       |   1.618   |   1.520   |   0.939   |   2.854
87.  	SAMPDORIA             |    58.802     |      39.116       |   1.598   |   1.534   |   0.960   |   2.944
88.  	METZ                  |    57.223     |      39.692       |   1.636   |   1.252   |   0.765   |   1.914
89.  	KOLN                  |    57.934     |      39.090       |   1.596   |   1.412   |   0.885   |   2.500
90.  	AUGSBURG              |    57.643     |      39.078       |   1.596   |   1.374   |   0.861   |   2.366
91.  	BREST                 |    58.485     |      38.217       |   1.549   |   1.603   |   1.035   |   3.317
92.  	REIMS                 |    57.668     |      38.717       |   1.574   |   1.420   |   0.902   |   2.560
93.  	MAINZ                 |    56.651     |      37.348       |   1.498   |   1.443   |   0.963   |   2.780
94.  	ELCHE                 |    55.543     |      37.512       |   1.503   |   1.273   |   0.847   |   2.156
95.  	ARMINIA               |    54.975     |      37.280       |   1.488   |   1.225   |   0.824   |   2.019
96.  	NICE                  |    55.663     |      36.777       |   1.465   |   1.375   |   0.938   |   2.580
97.  	BENEVENTO             |    55.713     |      36.447       |   1.449   |   1.423   |   0.982   |   2.793
98.  	BRAGANTINO            |    55.191     |      36.420       |   1.445   |   1.353   |   0.936   |   2.534
99.  	NANTES                |    54.694     |      36.165       |   1.429   |   1.316   |   0.921   |   2.423
100.  	CAGLIARI              |    55.171     |      35.499       |   1.403   |   1.467   |   1.046   |   3.069
101.  	SPEZIA                |    53.743     |      34.999       |   1.370   |   1.329   |   0.970   |   2.577
102.  	GENOA                 |    53.458     |      34.795       |   1.358   |   1.315   |   0.968   |   2.545
103.  	WEST BROM             |    53.194     |      34.520       |   1.345   |   1.313   |   0.976   |   2.564
104.  	VITORIA DE GUIMARAES  |    52.940     |      34.655       |   1.347   |   1.262   |   0.937   |   2.364
105.  	CEARA                 |    52.787     |      34.175       |   1.326   |   1.300   |   0.980   |   2.549
106.  	PACOS DE FERREIRA     |    52.221     |      34.182       |   1.320   |   1.224   |   0.927   |   2.268
107.  	CORINTHIANS           |    51.819     |      33.613       |   1.294   |   1.239   |   0.958   |   2.374
108.  	FLUMINENSE            |    51.844     |      33.512       |   1.290   |   1.255   |   0.973   |   2.441
109.  	SCHALKE 04            |    51.500     |      32.610       |   1.254   |   1.323   |   1.055   |   2.791
110.  	ATHLETICO-PR          |    50.119     |      33.117       |   1.252   |   1.081   |   0.863   |   1.866
111.  	SANTOS                |    50.596     |      32.274       |   1.230   |   1.242   |   1.009   |   2.508
112.  	LORIENT               |    50.325     |      31.576       |   1.205   |   1.296   |   1.075   |   2.787
113.  	PARMA                 |    50.071     |      31.590       |   1.201   |   1.259   |   1.048   |   2.637
114.  	CROTONE               |    49.506     |      31.092       |   1.178   |   1.247   |   1.058   |   2.639
115.  	RIO AVE               |    48.711     |      31.537       |   1.177   |   1.087   |   0.924   |   2.008
116.  	FORTALEZA             |    48.421     |      31.623       |   1.174   |   1.042   |   0.887   |   1.848
117.  	DIJON                 |    47.150     |      30.324       |   1.114   |   1.036   |   0.930   |   1.926
118.  	BAHIA                 |    47.687     |      29.213       |   1.099   |   1.249   |   1.137   |   2.841
119.  	FAMALICAO             |    45.733     |      28.123       |   1.037   |   1.130   |   1.090   |   2.462
120.  	PORTIMONENSE          |    44.840     |      28.186       |   1.017   |   1.006   |   0.989   |   1.990
121.  	ATLETICO-GO           |    44.387     |      27.666       |   0.998   |   1.014   |   1.016   |   2.060
122.  	NIMES                 |    44.716     |      26.863       |   0.994   |   1.167   |   1.173   |   2.738
123.  	MARITIMO              |    43.604     |      27.036       |   0.969   |   0.994   |   1.026   |   2.041
124.  	GIL VICENTE           |    42.898     |      26.778       |   0.947   |   0.939   |   0.991   |   1.861
125.  	SANTA CLARA           |    42.872     |      26.077       |   0.939   |   1.026   |   1.093   |   2.243
126.  	MOREIRENSE            |    41.601     |      25.927       |   0.902   |   0.885   |   0.982   |   1.739
127.  	VASCO                 |    42.233     |      25.366       |   0.915   |   1.039   |   1.136   |   2.360
128.  	FARENSE               |    41.620     |      24.635       |   0.893   |   1.061   |   1.188   |   2.521
129.  	BOAVISTA              |    41.146     |      24.908       |   0.881   |   0.959   |   1.088   |   2.087
130.  	BOTAFOGO              |    40.774     |      23.816       |   0.866   |   1.066   |   1.231   |   2.626
131.  	BELENENSES            |    38.100     |      23.773       |   0.781   |   0.734   |   0.940   |   1.380
132.  	CORITIBA              |    38.864     |      23.058       |   0.807   |   0.918   |   1.137   |   2.087
133.  	GOIAS                 |    38.721     |      22.293       |   0.804   |   1.013   |   1.260   |   2.553
134.  	SPORT                 |    37.267     |      21.836       |   0.758   |   0.883   |   1.165   |   2.056
135.  	TONDELA               |    36.482     |      20.739       |   0.738   |   0.944   |   1.279   |   2.414
136.  	NACIONAL              |    34.701     |      19.624       |   0.687   |   0.874   |   1.272   |   2.223

============================================================================================================================

#           Club              |  SPI Default  |  SPI Round-Robin  |   Power   |    ATK    |    DEF    |    OFF
1.  	FLAMENGO              |    69.996     |      63.472       |   2.332   |   1.922   |   0.824   |   3.166
2.  	ATLETICO-MG           |    65.320     |      58.626       |   2.005   |   1.720   |   0.858   |   2.953
3.  	INTERNACIONAL         |    62.992     |      56.664       |   1.940   |   1.517   |   0.782   |   2.373
4.  	SAO PAULO             |    62.976     |      56.535       |   1.916   |   1.546   |   0.807   |   2.495
5.  	GREMIO                |    62.469     |      56.354       |   1.953   |   1.441   |   0.738   |   2.128
6.  	PALMEIRAS             |    61.082     |      54.761       |   1.826   |   1.439   |   0.788   |   2.267
7.  	BRAGANTINO            |    55.191     |      48.426       |   1.445   |   1.353   |   0.936   |   2.534
8.  	CEARA                 |    52.787     |      45.967       |   1.326   |   1.300   |   0.980   |   2.549
9.  	CORINTHIANS           |    51.819     |      45.136       |   1.294   |   1.239   |   0.958   |   2.374
10.  	FLUMINENSE            |    51.844     |      45.103       |   1.290   |   1.255   |   0.973   |   2.441
11.  	ATHLETICO-PR          |    50.119     |      43.903       |   1.252   |   1.081   |   0.863   |   1.866
12.  	SANTOS                |    50.596     |      43.790       |   1.230   |   1.242   |   1.009   |   2.508
13.  	FORTALEZA             |    48.421     |      42.210       |   1.174   |   1.042   |   0.887   |   1.848
14.  	BAHIA                 |    47.687     |      40.636       |   1.099   |   1.249   |   1.137   |   2.841
15.  	ATLETICO-GO           |    44.387     |      37.987       |   0.998   |   1.014   |   1.016   |   2.060
16.  	VASCO                 |    42.233     |      35.630       |   0.915   |   1.039   |   1.136   |   2.360
17.  	BOTAFOGO              |    40.774     |      34.030       |   0.866   |   1.066   |   1.231   |   2.626
18.  	CORITIBA              |    38.864     |      32.573       |   0.807   |   0.918   |   1.137   |   2.087
19.  	GOIAS                 |    38.721     |      32.107       |   0.804   |   1.013   |   1.260   |   2.553
20.  	SPORT                 |    37.267     |      31.060       |   0.758   |   0.883   |   1.165   |   2.056

============================================================================================================================

#           Club              |  SPI Default  |  SPI Round-Robin  |   Power   |    ATK    |    DEF    |    OFF
1.  	MANCHESTER CITY       |    94.003     |      75.786       |   9.419   |   3.408   |   0.362   |   2.466
2.  	LIVERPOOL             |    90.544     |      66.518       |   6.180   |   3.118   |   0.504   |   3.145
3.  	CHELSEA               |    85.904     |      58.841       |   4.807   |   2.650   |   0.551   |   2.921
4.  	MANCHESTER UNITED     |    85.960     |      58.570       |   4.732   |   2.685   |   0.567   |   3.047
5.  	TOTTENHAM             |    81.696     |      53.103       |   3.996   |   2.330   |   0.583   |   2.717
6.  	LEICESTER             |    80.841     |      52.104       |   3.872   |   2.268   |   0.586   |   2.656
7.  	ARSENAL               |    79.044     |      50.758       |   3.745   |   2.094   |   0.559   |   2.341
8.  	ASTON VILLA           |    78.739     |      48.909       |   3.460   |   2.189   |   0.633   |   2.770
9.  	WEST HAM              |    76.507     |      46.652       |   3.219   |   2.041   |   0.634   |   2.589
10.  	SOUTHAMPTON           |    75.571     |      46.192       |   3.183   |   1.949   |   0.612   |   2.388
11.  	EVERTON               |    75.693     |      45.298       |   3.065   |   2.033   |   0.663   |   2.697
12.  	BRIGHTON              |    72.702     |      42.261       |   2.763   |   1.876   |   0.679   |   2.547
13.  	WOLVERHAMPTON         |    71.167     |      41.619       |   2.709   |   1.740   |   0.642   |   2.235
14.  	LEEDS                 |    73.710     |      40.715       |   2.607   |   2.130   |   0.817   |   3.482
15.  	CRYSTAL PALACE        |    65.277     |      34.632       |   2.092   |   1.607   |   0.768   |   2.468
16.  	BURNLEY               |    62.106     |      33.725       |   1.992   |   1.360   |   0.683   |   1.857
17.  	FULHAM                |    63.215     |      33.498       |   1.992   |   1.481   |   0.744   |   2.204
18.  	NEWCASTLE             |    60.598     |      30.418       |   1.772   |   1.457   |   0.822   |   2.396
19.  	SHEFFIELD UNITED      |    59.313     |      30.294       |   1.742   |   1.345   |   0.772   |   2.077
20.  	WEST BROM             |    53.194     |      23.668       |   1.345   |   1.313   |   0.976   |   2.564

============================================================================================================================

#           Club              |  SPI Default  |  SPI Round-Robin  |   Power   |    ATK    |    DEF    |    OFF
1.  	BAYERN MUNCHEN        |    92.065     |      74.750       |   6.276   |   3.471   |   0.553   |   3.840
2.  	LEIPZIG               |    84.758     |      65.028       |   4.901   |   2.443   |   0.499   |   2.436
3.  	DORTMUND              |    85.719     |      64.930       |   4.660   |   2.671   |   0.573   |   3.062
4.  	BAYER LEVERKUSEN      |    78.967     |      56.445       |   3.601   |   2.148   |   0.597   |   2.563
5.  	MONCHENGLADBACH       |    76.719     |      52.043       |   3.043   |   2.177   |   0.715   |   3.115
6.  	WOLFSBURG             |    74.785     |      50.782       |   2.964   |   1.986   |   0.670   |   2.663
7.  	EINTRACHT FRANKFURT   |    75.445     |      50.237       |   2.866   |   2.139   |   0.746   |   3.194
8.  	UNION BERLIN          |    70.145     |      45.543       |   2.492   |   1.787   |   0.717   |   2.561
9.  	FREIBURG              |    70.167     |      44.129       |   2.358   |   1.916   |   0.813   |   3.115
10.  	STUTTGART             |    70.105     |      43.355       |   2.293   |   1.981   |   0.864   |   3.423
11.  	HERTHA BERLIN         |    67.759     |      42.987       |   2.285   |   1.696   |   0.742   |   2.517
12.  	HOFFENHEIM            |    68.808     |      42.332       |   2.221   |   1.894   |   0.853   |   3.230
13.  	WERDER BREMEN         |    62.931     |      38.249       |   1.935   |   1.516   |   0.783   |   2.375
14.  	AUGSBURG              |    57.643     |      33.035       |   1.596   |   1.374   |   0.861   |   2.366
15.  	KOLN                  |    57.934     |      32.959       |   1.596   |   1.412   |   0.885   |   2.500
16.  	ARMINIA               |    54.975     |      31.509       |   1.488   |   1.225   |   0.824   |   2.019
17.  	MAINZ                 |    56.651     |      31.078       |   1.498   |   1.443   |   0.963   |   2.780
18.  	SCHALKE 04            |    51.500     |      26.484       |   1.254   |   1.323   |   1.055   |   2.791

============================================================================================================================

#           Club              |  SPI Default  |  SPI Round-Robin  |   Power   |    ATK    |    DEF    |    OFF
1.  	PORTO                 |    75.293     |      70.661       |   2.913   |   2.084   |   0.715   |   2.982
2.  	BENFICA               |    74.251     |      69.750       |   2.893   |   1.969   |   0.681   |   2.680
3.  	SPORTING              |    69.131     |      64.697       |   2.471   |   1.689   |   0.684   |   2.310
4.  	BRAGA                 |    63.124     |      58.358       |   1.893   |   1.596   |   0.843   |   2.691
5.  	VITORIA DE GUIMARAES  |    52.940     |      48.423       |   1.347   |   1.262   |   0.937   |   2.364
6.  	PACOS DE FERREIRA     |    52.221     |      47.768       |   1.320   |   1.224   |   0.927   |   2.268
7.  	RIO AVE               |    48.711     |      44.476       |   1.177   |   1.087   |   0.924   |   2.008
8.  	FAMALICAO             |    45.733     |      41.368       |   1.037   |   1.130   |   1.090   |   2.462
9.  	PORTIMONENSE          |    44.840     |      40.722       |   1.017   |   1.006   |   0.989   |   1.990
10.  	MARITIMO              |    43.604     |      39.503       |   0.969   |   0.994   |   1.026   |   2.041
11.  	GIL VICENTE           |    42.898     |      38.909       |   0.947   |   0.939   |   0.991   |   1.861
12.  	SANTA CLARA           |    42.872     |      38.710       |   0.939   |   1.026   |   1.093   |   2.243
13.  	MOREIRENSE            |    41.601     |      37.720       |   0.902   |   0.885   |   0.982   |   1.739
14.  	FARENSE               |    41.620     |      37.408       |   0.893   |   1.061   |   1.188   |   2.521
15.  	BOAVISTA              |    41.146     |      37.120       |   0.881   |   0.959   |   1.088   |   2.087
16.  	BELENENSES            |    38.100     |      34.541       |   0.781   |   0.734   |   0.940   |   1.380
17.  	TONDELA               |    36.482     |      32.579       |   0.738   |   0.944   |   1.279   |   2.414
18.  	NACIONAL              |    34.701     |      30.960       |   0.687   |   0.874   |   1.272   |   2.223

============================================================================================================================

#           Club              |  SPI Default  |  SPI Round-Robin  |   Power   |    ATK    |    DEF    |    OFF
1.  	BARCELONA             |    92.590     |      71.692       |   6.597   |   3.530   |   0.535   |   3.778
2.  	ATL MADRID            |    87.251     |      65.398       |   5.955   |   2.557   |   0.429   |   2.196
3.  	REAL MADRID           |    87.644     |      64.945       |   5.641   |   2.694   |   0.478   |   2.573
4.  	REAL SOCIEDAD         |    82.239     |      56.953       |   4.257   |   2.302   |   0.541   |   2.490
5.  	SEVILLA               |    80.761     |      55.881       |   4.181   |   2.139   |   0.512   |   2.189
6.  	VILLARREAL            |    81.142     |      55.142       |   3.972   |   2.266   |   0.570   |   2.585
7.  	ATL BILBAO            |    71.325     |      44.516       |   2.767   |   1.720   |   0.621   |   2.137
8.  	BETIS                 |    72.571     |      43.668       |   2.648   |   1.948   |   0.736   |   2.865
9.  	CELTA                 |    72.298     |      43.541       |   2.639   |   1.922   |   0.728   |   2.799
10.  	GETAFE                |    67.953     |      42.679       |   2.612   |   1.474   |   0.564   |   1.663
11.  	EIBAR                 |    67.287     |      41.074       |   2.440   |   1.517   |   0.622   |   1.886
12.  	LEVANTE               |    69.303     |      39.731       |   2.308   |   1.860   |   0.806   |   2.998
13.  	OSASUNA               |    66.143     |      38.603       |   2.215   |   1.579   |   0.713   |   2.251
14.  	GRANADA               |    67.182     |      38.446       |   2.204   |   1.710   |   0.776   |   2.654
15.  	VALENCIA              |    67.353     |      38.254       |   2.190   |   1.747   |   0.798   |   2.787
16.  	ALAVES                |    64.653     |      37.314       |   2.108   |   1.518   |   0.720   |   2.186
17.  	CADIZ                 |    61.195     |      35.381       |   1.942   |   1.314   |   0.677   |   1.779
18.  	VALLADOLID            |    60.207     |      33.030       |   1.781   |   1.396   |   0.784   |   2.188
19.  	HUESCA                |    59.560     |      32.523       |   1.744   |   1.372   |   0.787   |   2.159
20.  	ELCHE                 |    55.543     |      28.945       |   1.503   |   1.273   |   0.847   |   2.156

============================================================================================================================

#           Club              |  SPI Default  |  SPI Round-Robin  |   Power   |    ATK    |    DEF    |    OFF
1.  	ATALANTA              |    83.413     |      66.830       |   3.991   |   2.583   |   0.647   |   3.344
2.  	NAPOLI                |    81.708     |      65.419       |   3.935   |   2.358   |   0.599   |   2.827
3.  	JUVENTUS              |    81.959     |      65.151       |   3.820   |   2.448   |   0.641   |   3.137
4.  	INTER                 |    82.480     |      64.876       |   3.671   |   2.607   |   0.710   |   3.701
5.  	MILAN                 |    80.552     |      62.625       |   3.456   |   2.441   |   0.706   |   3.449
6.  	ROMA                  |    77.087     |      58.231       |   3.019   |   2.244   |   0.743   |   3.336
7.  	LAZIO                 |    71.798     |      52.400       |   2.542   |   1.942   |   0.764   |   2.968
8.  	SASSUOLO              |    65.656     |      44.523       |   1.963   |   1.826   |   0.931   |   3.399
9.  	FIORENTINA            |    63.362     |      44.049       |   1.957   |   1.539   |   0.786   |   2.421
10.  	UDINESE               |    61.072     |      41.726       |   1.808   |   1.463   |   0.810   |   2.370
11.  	BOLOGNA               |    60.446     |      39.997       |   1.700   |   1.559   |   0.917   |   2.860
12.  	HELLAS VERONA         |    58.826     |      39.532       |   1.674   |   1.390   |   0.830   |   2.308
13.  	TORINO                |    59.005     |      38.528       |   1.618   |   1.520   |   0.939   |   2.854
14.  	SAMPDORIA             |    58.802     |      38.147       |   1.598   |   1.534   |   0.960   |   2.944
15.  	BENEVENTO             |    55.713     |      35.359       |   1.449   |   1.423   |   0.982   |   2.793
16.  	CAGLIARI              |    55.171     |      34.326       |   1.403   |   1.467   |   1.046   |   3.069
17.  	SPEZIA                |    53.743     |      33.871       |   1.370   |   1.329   |   0.970   |   2.577
18.  	GENOA                 |    53.458     |      33.662       |   1.358   |   1.315   |   0.968   |   2.545
19.  	PARMA                 |    50.071     |      30.299       |   1.201   |   1.259   |   1.048   |   2.637
20.  	CROTONE               |    49.506     |      29.779       |   1.178   |   1.247   |   1.058   |   2.639

============================================================================================================================

#           Club              |  SPI Default  |  SPI Round-Robin  |   Power   |    ATK    |    DEF    |    OFF
1.  	PSG                   |    86.004     |      73.094       |   4.769   |   2.679   |   0.562   |   3.011
2.  	LYON                  |    78.370     |      63.460       |   3.443   |   2.151   |   0.625   |   2.688
3.  	MONACO                |    74.891     |      57.797       |   2.718   |   2.189   |   0.805   |   3.525
4.  	LILLE                 |    72.172     |      57.061       |   2.856   |   1.756   |   0.615   |   2.159
5.  	RENNES                |    67.893     |      52.165       |   2.395   |   1.614   |   0.674   |   2.175
6.  	MARSEILLE             |    66.532     |      50.483       |   2.247   |   1.592   |   0.708   |   2.256
7.  	LENS                  |    64.179     |      47.657       |   2.025   |   1.554   |   0.767   |   2.384
8.  	STRASBOURG            |    61.936     |      44.506       |   1.801   |   1.584   |   0.880   |   2.786
9.  	BORDEAUX              |    60.168     |      44.339       |   1.820   |   1.340   |   0.736   |   1.974
10.  	MONTPELLIER           |    61.190     |      42.947       |   1.701   |   1.664   |   0.978   |   3.256
11.  	ST ETIENNE            |    58.742     |      42.310       |   1.682   |   1.367   |   0.813   |   2.221
12.  	ANGERS                |    58.643     |      42.114       |   1.669   |   1.375   |   0.824   |   2.266
13.  	METZ                  |    57.223     |      41.462       |   1.636   |   1.252   |   0.765   |   1.914
14.  	REIMS                 |    57.668     |      40.544       |   1.574   |   1.420   |   0.902   |   2.560
15.  	BREST                 |    58.485     |      40.102       |   1.549   |   1.603   |   1.035   |   3.317
16.  	NICE                  |    55.663     |      38.511       |   1.465   |   1.375   |   0.938   |   2.580
17.  	NANTES                |    54.694     |      37.850       |   1.429   |   1.316   |   0.921   |   2.423
18.  	LORIENT               |    50.325     |      33.041       |   1.205   |   1.296   |   1.075   |   2.787
19.  	DIJON                 |    47.150     |      31.663       |   1.114   |   1.036   |   0.930   |   1.926
20.  	NIMES                 |    44.716     |      28.038       |   0.994   |   1.167   |   1.173   |   2.738
