#           Club              |  SPI Default  |  SPI Round-Robin  |   Power   |    ATK    |    DEF    |    OFF
1.  	BAYERN MUNCHEN        |    94.057     |      82.629       |   7.229   |   3.856   |   0.533   |   4.114
2.  	MANCHESTER CITY       |    92.313     |      80.837       |   7.450   |   3.254   |   0.437   |   2.842
3.  	LIVERPOOL             |    91.851     |      78.815       |   6.248   |   3.420   |   0.547   |   3.745
4.  	BARCELONA             |    90.791     |      77.347       |   5.997   |   3.225   |   0.538   |   3.468
5.  	ATL MADRID            |    88.313     |      75.161       |   6.083   |   2.705   |   0.445   |   2.405
6.  	DORTMUND              |    88.497     |      74.311       |   5.489   |   2.889   |   0.526   |   3.041
7.  	REAL MADRID           |    88.155     |      74.271       |   5.629   |   2.786   |   0.495   |   2.758
8.  	PSG                   |    88.464     |      73.572       |   5.146   |   2.993   |   0.582   |   3.481
9.  	CHELSEA               |    87.739     |      72.934       |   5.137   |   2.857   |   0.556   |   3.178
10.  	LEIPZIG               |    85.075     |      70.004       |   4.800   |   2.521   |   0.525   |   2.649
11.  	REAL SOCIEDAD         |    84.383     |      69.203       |   4.690   |   2.454   |   0.523   |   2.568
12.  	MANCHESTER UNITED     |    84.134     |      68.263       |   4.405   |   2.517   |   0.571   |   2.876
13.  	TOTTENHAM             |    83.817     |      67.690       |   4.288   |   2.514   |   0.586   |   2.949
14.  	JUVENTUS              |    82.993     |      66.323       |   4.042   |   2.496   |   0.618   |   3.082
15.  	MILAN                 |    82.802     |      64.980       |   3.716   |   2.632   |   0.708   |   3.730
16.  	INTER                 |    82.235     |      64.013       |   3.575   |   2.626   |   0.735   |   3.859
17.  	NAPOLI                |    80.419     |      63.677       |   3.777   |   2.254   |   0.597   |   2.690
18.  	VILLARREAL            |    80.377     |      63.467       |   3.728   |   2.271   |   0.609   |   2.768
19.  	SEVILLA               |    79.385     |      63.202       |   3.830   |   2.100   |   0.548   |   2.304
20.  	LEICESTER             |    79.461     |      62.145       |   3.538   |   2.243   |   0.634   |   2.843
21.  	ATALANTA              |    79.737     |      61.425       |   3.342   |   2.394   |   0.716   |   3.430
22.  	ROMA                  |    79.641     |      61.256       |   3.319   |   2.395   |   0.722   |   3.457
23.  	BAYER LEVERKUSEN      |    78.437     |      61.012       |   3.416   |   2.173   |   0.636   |   2.765
24.  	ARSENAL               |    77.987     |      61.332       |   3.558   |   2.048   |   0.576   |   2.359
25.  	SOUTHAMPTON           |    77.856     |      60.263       |   3.325   |   2.149   |   0.646   |   2.778
26.  	WEST HAM              |    77.496     |      59.751       |   3.259   |   2.141   |   0.657   |   2.812
27.  	MONCHENGLADBACH       |    76.808     |      58.375       |   3.064   |   2.175   |   0.710   |   3.088
28.  	LYON                  |    75.865     |      58.599       |   3.207   |   1.971   |   0.615   |   2.423
29.  	EVERTON               |    76.188     |      57.550       |   2.974   |   2.156   |   0.725   |   3.127
30.  	BENFICA               |    75.479     |      57.111       |   2.960   |   2.075   |   0.701   |   2.910
31.  	ASTON VILLA           |    75.018     |      56.453       |   2.886   |   2.069   |   0.717   |   2.965
32.  	WOLVERHAMPTON         |    72.940     |      56.414       |   3.076   |   1.718   |   0.559   |   1.920
33.  	PORTO                 |    73.910     |      55.188       |   2.767   |   2.018   |   0.729   |   2.944
34.  	MONACO                |    74.279     |      54.589       |   2.656   |   2.162   |   0.814   |   3.519
35.  	BRIGHTON              |    73.276     |      55.010       |   2.786   |   1.927   |   0.692   |   2.667
36.  	LILLE                 |    72.531     |      54.705       |   2.793   |   1.836   |   0.657   |   2.413
37.  	ATL BILBAO            |    72.212     |      54.879       |   2.849   |   1.765   |   0.620   |   2.187
38.  	EINTRACHT FRANKFURT   |    73.127     |      54.090       |   2.656   |   2.010   |   0.757   |   3.043
39.  	WOLFSBURG             |    71.879     |      53.970       |   2.721   |   1.810   |   0.665   |   2.409
40.  	HERTHA BERLIN         |    72.480     |      53.069       |   2.553   |   2.019   |   0.791   |   3.193
41.  	LEEDS                 |    72.005     |      52.845       |   2.549   |   1.962   |   0.770   |   3.020
42.  	LAZIO                 |    71.924     |      52.708       |   2.535   |   1.965   |   0.775   |   3.044
43.  	GETAFE                |    69.681     |      53.249       |   2.771   |   1.551   |   0.560   |   1.736
44.  	BETIS                 |    71.176     |      51.894       |   2.469   |   1.933   |   0.783   |   3.026
45.  	HOFFENHEIM            |    71.122     |      51.007       |   2.365   |   2.033   |   0.860   |   3.495
46.  	UNION BERLIN          |    69.902     |      51.152       |   2.436   |   1.807   |   0.742   |   2.680
47.  	OSASUNA               |    69.102     |      51.541       |   2.533   |   1.639   |   0.647   |   2.122
48.  	VALENCIA              |    69.713     |      50.256       |   2.336   |   1.881   |   0.805   |   3.029
49.  	SPORTING              |    68.998     |      50.394       |   2.383   |   1.748   |   0.734   |   2.566
50.  	FLAMENGO              |    69.390     |      49.609       |   2.276   |   1.905   |   0.837   |   3.189
51.  	CELTA                 |    68.645     |      49.835       |   2.330   |   1.756   |   0.754   |   2.647
52.  	SASSUOLO              |    69.255     |      48.782       |   2.196   |   1.986   |   0.904   |   3.592
53.  	GRANADA               |    68.190     |      49.531       |   2.313   |   1.719   |   0.743   |   2.555
54.  	RENNES                |    67.509     |      49.182       |   2.299   |   1.654   |   0.719   |   2.379
55.  	MARSEILLE             |    67.360     |      49.173       |   2.305   |   1.632   |   0.708   |   2.312
56.  	LEVANTE               |    66.508     |      47.425       |   2.141   |   1.699   |   0.794   |   2.696
57.  	CRYSTAL PALACE        |    66.069     |      47.402       |   2.151   |   1.635   |   0.760   |   2.484
58.  	ATLETICO-MG           |    65.931     |      46.221       |   2.040   |   1.751   |   0.858   |   3.004
59.  	STUTTGART             |    65.721     |      45.470       |   1.980   |   1.809   |   0.914   |   3.307
60.  	ALAVES                |    64.057     |      46.007       |   2.066   |   1.495   |   0.724   |   2.165
61.  	WERDER BREMEN         |    64.370     |      45.574       |   2.016   |   1.588   |   0.788   |   2.501
62.  	FIORENTINA            |    64.347     |      45.346       |   1.995   |   1.610   |   0.807   |   2.598
63.  	GREMIO                |    63.493     |      45.233       |   2.004   |   1.499   |   0.748   |   2.243
64.  	CADIZ                 |    62.623     |      45.732       |   2.078   |   1.332   |   0.641   |   1.707
65.  	NEWCASTLE             |    63.675     |      44.911       |   1.970   |   1.561   |   0.792   |   2.472
66.  	EIBAR                 |    62.590     |      45.351       |   2.038   |   1.365   |   0.670   |   1.828
67.  	LENS                  |    63.493     |      44.672       |   1.952   |   1.561   |   0.800   |   2.496
68.  	BRAGA                 |    63.320     |      44.013       |   1.900   |   1.611   |   0.848   |   2.733
69.  	BURNLEY               |    62.377     |      44.474       |   1.957   |   1.426   |   0.729   |   2.079
70.  	HUESCA                |    62.433     |      44.060       |   1.918   |   1.478   |   0.770   |   2.278
71.  	SHEFFIELD UNITED      |    61.976     |      44.056       |   1.927   |   1.416   |   0.735   |   2.081
72.  	KOLN                  |    62.727     |      43.217       |   1.845   |   1.617   |   0.876   |   2.833
73.  	SAO PAULO             |    61.622     |      43.219       |   1.860   |   1.457   |   0.783   |   2.283
74.  	MONTPELLIER           |    62.236     |      42.253       |   1.781   |   1.660   |   0.932   |   3.094
75.  	FULHAM                |    61.698     |      42.435       |   1.798   |   1.557   |   0.866   |   2.696
76.  	NICE                  |    61.337     |      42.394       |   1.799   |   1.509   |   0.839   |   2.533
77.  	VALLADOLID            |    60.891     |      42.612       |   1.821   |   1.423   |   0.781   |   2.223
78.  	FREIBURG              |    61.534     |      41.609       |   1.742   |   1.632   |   0.937   |   3.059
79.  	PALMEIRAS             |    60.142     |      41.901       |   1.774   |   1.398   |   0.788   |   2.205
80.  	AUGSBURG              |    60.380     |      41.362       |   1.733   |   1.492   |   0.861   |   2.569
81.  	BOLOGNA               |    60.709     |      40.901       |   1.701   |   1.595   |   0.938   |   2.993
82.  	INTERNACIONAL         |    59.476     |      41.136       |   1.724   |   1.392   |   0.808   |   2.248
83.  	HELLAS VERONA         |    58.929     |      40.065       |   1.654   |   1.438   |   0.869   |   2.498
84.  	ELCHE                 |    57.724     |      39.565       |   1.626   |   1.330   |   0.818   |   2.177
85.  	UDINESE               |    57.463     |      39.385       |   1.615   |   1.316   |   0.815   |   2.144
86.  	REIMS                 |    58.089     |      38.932       |   1.587   |   1.453   |   0.915   |   2.659
87.  	TORINO                |    58.686     |      38.405       |   1.559   |   1.607   |   1.031   |   3.313
88.  	SAMPDORIA             |    58.115     |      38.741       |   1.576   |   1.480   |   0.939   |   2.777
89.  	ANGERS                |    57.799     |      38.754       |   1.577   |   1.433   |   0.909   |   2.605
90.  	NANTES                |    57.527     |      38.881       |   1.584   |   1.381   |   0.871   |   2.406
91.  	CAGLIARI              |    57.756     |      38.169       |   1.545   |   1.498   |   0.970   |   2.906
92.  	BORDEAUX              |    56.420     |      39.001       |   1.592   |   1.223   |   0.768   |   1.880
93.  	STRASBOURG            |    57.406     |      38.079       |   1.539   |   1.459   |   0.948   |   2.765
94.  	MAINZ                 |    57.872     |      37.481       |   1.511   |   1.605   |   1.062   |   3.410
95.  	ST ETIENNE            |    56.159     |      37.753       |   1.518   |   1.325   |   0.873   |   2.312
96.  	WEST BROM             |    56.063     |      37.760       |   1.518   |   1.311   |   0.864   |   2.265
97.  	METZ                  |    55.433     |      37.668       |   1.512   |   1.240   |   0.820   |   2.034
98.  	BREST                 |    56.569     |      36.256       |   1.448   |   1.571   |   1.085   |   3.408
99.  	ATHLETICO-PR          |    52.532     |      35.399       |   1.378   |   1.122   |   0.814   |   1.828
100.  	SCHALKE 04            |    53.654     |      34.503       |   1.350   |   1.373   |   1.017   |   2.793
101.  	GENOA                 |    53.648     |      34.501       |   1.350   |   1.373   |   1.016   |   2.791
102.  	ARMINIA               |    53.159     |      34.741       |   1.355   |   1.276   |   0.942   |   2.402
103.  	FLUMINENSE            |    52.831     |      34.753       |   1.352   |   1.231   |   0.911   |   2.242
104.  	RIO AVE               |    52.558     |      34.772       |   1.350   |   1.194   |   0.884   |   2.111
105.  	SPEZIA                |    52.939     |      34.193       |   1.331   |   1.313   |   0.987   |   2.590
106.  	PARMA                 |    53.412     |      33.808       |   1.322   |   1.430   |   1.081   |   3.092
107.  	BRAGANTINO            |    52.279     |      33.777       |   1.307   |   1.274   |   0.975   |   2.484
108.  	BENEVENTO             |    52.811     |      33.376       |   1.300   |   1.400   |   1.077   |   3.017
109.  	SANTOS                |    51.714     |      33.431       |   1.287   |   1.241   |   0.964   |   2.392
110.  	NIMES                 |    51.703     |      33.154       |   1.278   |   1.273   |   0.997   |   2.539
111.  	VITORIA DE GUIMARAES  |    49.702     |      32.160       |   1.215   |   1.131   |   0.931   |   2.105
112.  	CROTONE               |    50.040     |      31.818       |   1.210   |   1.216   |   1.005   |   2.445
113.  	LORIENT               |    50.410     |      31.493       |   1.206   |   1.309   |   1.085   |   2.842
114.  	FORTALEZA             |    49.307     |      32.179       |   1.209   |   1.080   |   0.893   |   1.928
115.  	CEARA                 |    49.780     |      31.554       |   1.198   |   1.214   |   1.014   |   2.463
116.  	CORINTHIANS           |    48.569     |      30.697       |   1.153   |   1.161   |   1.007   |   2.339
117.  	BAHIA                 |    48.460     |      29.927       |   1.132   |   1.247   |   1.101   |   2.746
118.  	FAMALICAO             |    48.318     |      29.721       |   1.124   |   1.255   |   1.116   |   2.801
119.  	DIJON                 |    46.989     |      29.447       |   1.092   |   1.111   |   1.018   |   2.261
120.  	PACOS DE FERREIRA     |    46.293     |      28.306       |   1.054   |   1.167   |   1.107   |   2.585
121.  	SANTA CLARA           |    45.547     |      28.098       |   1.034   |   1.095   |   1.059   |   2.319
122.  	VASCO                 |    44.699     |      27.385       |   1.003   |   1.077   |   1.074   |   2.312
123.  	BOTAFOGO              |    44.362     |      26.875       |   0.987   |   1.100   |   1.114   |   2.451
124.  	ATLETICO-GO           |    43.767     |      26.944       |   0.973   |   1.013   |   1.041   |   2.108
125.  	FARENSE               |    43.393     |      25.686       |   0.950   |   1.135   |   1.195   |   2.714
126.  	GIL VICENTE           |    42.650     |      25.788       |   0.931   |   1.020   |   1.095   |   2.233
127.  	BOAVISTA              |    42.711     |      25.694       |   0.932   |   1.040   |   1.117   |   2.323
128.  	MOREIRENSE            |    42.320     |      25.777       |   0.922   |   0.978   |   1.061   |   2.076
129.  	PORTIMONENSE          |    42.046     |      25.167       |   0.909   |   1.024   |   1.127   |   2.308
130.  	BELENENSES            |    39.993     |      24.777       |   0.846   |   0.818   |   0.967   |   1.584
131.  	CORITIBA              |    40.622     |      24.178       |   0.863   |   0.973   |   1.127   |   2.193
132.  	MARITIMO              |    39.948     |      23.681       |   0.841   |   0.953   |   1.133   |   2.159
133.  	NACIONAL              |    39.753     |      23.287       |   0.835   |   0.983   |   1.177   |   2.315
134.  	GOIAS                 |    39.153     |      22.341       |   0.817   |   1.043   |   1.278   |   2.667
135.  	SPORT                 |    37.100     |      21.374       |   0.754   |   0.906   |   1.202   |   2.179
136.  	TONDELA               |    36.984     |      20.872       |   0.753   |   0.968   |   1.286   |   2.490

============================================================================================================================

#           Club              |  SPI Default  |  SPI Round-Robin  |   Power   |    ATK    |    DEF    |    OFF
1.  	FLAMENGO              |    69.390     |      62.749       |   2.276   |   1.905   |   0.837   |   3.189
2.  	ATLETICO-MG           |    65.931     |      59.180       |   2.040   |   1.751   |   0.858   |   3.004
3.  	GREMIO                |    63.493     |      57.253       |   2.004   |   1.499   |   0.748   |   2.243
4.  	SAO PAULO             |    61.622     |      55.249       |   1.860   |   1.457   |   0.783   |   2.283
5.  	PALMEIRAS             |    60.142     |      53.779       |   1.774   |   1.398   |   0.788   |   2.205
6.  	INTERNACIONAL         |    59.476     |      53.042       |   1.724   |   1.392   |   0.808   |   2.248
7.  	FLUMINENSE            |    52.831     |      46.218       |   1.352   |   1.231   |   0.911   |   2.242
8.  	ATHLETICO-PR          |    52.532     |      46.333       |   1.378   |   1.122   |   0.814   |   1.828
9.  	BRAGANTINO            |    52.279     |      45.444       |   1.307   |   1.274   |   0.975   |   2.484
10.  	SANTOS                |    51.714     |      44.952       |   1.287   |   1.241   |   0.964   |   2.392
11.  	CEARA                 |    49.780     |      42.945       |   1.198   |   1.214   |   1.014   |   2.463
12.  	FORTALEZA             |    49.307     |      42.960       |   1.209   |   1.080   |   0.893   |   1.928
13.  	CORINTHIANS           |    48.569     |      41.837       |   1.153   |   1.161   |   1.007   |   2.339
14.  	BAHIA                 |    48.460     |      41.405       |   1.132   |   1.247   |   1.101   |   2.746
15.  	VASCO                 |    44.699     |      38.021       |   1.003   |   1.077   |   1.074   |   2.312
16.  	BOTAFOGO              |    44.362     |      37.579       |   0.987   |   1.100   |   1.114   |   2.451
17.  	ATLETICO-GO           |    43.767     |      37.275       |   0.973   |   1.013   |   1.041   |   2.108
18.  	CORITIBA              |    40.622     |      34.131       |   0.863   |   0.973   |   1.127   |   2.193
19.  	GOIAS                 |    39.153     |      32.380       |   0.817   |   1.043   |   1.278   |   2.667
20.  	SPORT                 |    37.100     |      30.750       |   0.754   |   0.906   |   1.202   |   2.179

============================================================================================================================

#           Club              |  SPI Default  |  SPI Round-Robin  |   Power   |    ATK    |    DEF    |    OFF
1.  	MANCHESTER CITY       |    92.313     |      71.525       |   7.450   |   3.254   |   0.437   |   2.842
2.  	LIVERPOOL             |    91.851     |      68.389       |   6.248   |   3.420   |   0.547   |   3.745
3.  	CHELSEA               |    87.739     |      61.592       |   5.137   |   2.857   |   0.556   |   3.178
4.  	MANCHESTER UNITED     |    84.134     |      56.475       |   4.405   |   2.517   |   0.571   |   2.876
5.  	TOTTENHAM             |    83.817     |      55.761       |   4.288   |   2.514   |   0.586   |   2.949
6.  	LEICESTER             |    79.461     |      49.784       |   3.538   |   2.243   |   0.634   |   2.843
7.  	ARSENAL               |    77.987     |      49.467       |   3.558   |   2.048   |   0.576   |   2.359
8.  	SOUTHAMPTON           |    77.856     |      47.851       |   3.325   |   2.149   |   0.646   |   2.778
9.  	WEST HAM              |    77.496     |      47.275       |   3.259   |   2.141   |   0.657   |   2.812
10.  	EVERTON               |    76.188     |      44.654       |   2.974   |   2.156   |   0.725   |   3.127
11.  	WOLVERHAMPTON         |    72.940     |      44.947       |   3.076   |   1.718   |   0.559   |   1.920
12.  	ASTON VILLA           |    75.018     |      43.686       |   2.886   |   2.069   |   0.717   |   2.965
13.  	BRIGHTON              |    73.276     |      42.539       |   2.786   |   1.927   |   0.692   |   2.667
14.  	LEEDS                 |    72.005     |      39.979       |   2.549   |   1.962   |   0.770   |   3.020
15.  	CRYSTAL PALACE        |    66.069     |      35.255       |   2.151   |   1.635   |   0.760   |   2.484
16.  	NEWCASTLE             |    63.675     |      32.903       |   1.970   |   1.561   |   0.792   |   2.472
17.  	BURNLEY               |    62.377     |      32.997       |   1.957   |   1.426   |   0.729   |   2.079
18.  	SHEFFIELD UNITED      |    61.976     |      32.600       |   1.927   |   1.416   |   0.735   |   2.081
19.  	FULHAM                |    61.698     |      30.347       |   1.798   |   1.557   |   0.866   |   2.696
20.  	WEST BROM             |    56.063     |      26.600       |   1.518   |   1.311   |   0.864   |   2.265

============================================================================================================================

#           Club              |  SPI Default  |  SPI Round-Robin  |   Power   |    ATK    |    DEF    |    OFF
1.  	BAYERN MUNCHEN        |    94.057     |      79.027       |   7.229   |   3.856   |   0.533   |   4.114
2.  	DORTMUND              |    88.497     |      69.843       |   5.489   |   2.889   |   0.526   |   3.041
3.  	LEIPZIG               |    85.075     |      65.252       |   4.800   |   2.521   |   0.525   |   2.649
4.  	BAYER LEVERKUSEN      |    78.437     |      55.476       |   3.416   |   2.173   |   0.636   |   2.765
5.  	MONCHENGLADBACH       |    76.808     |      52.512       |   3.064   |   2.175   |   0.710   |   3.088
6.  	EINTRACHT FRANKFURT   |    73.127     |      48.027       |   2.656   |   2.010   |   0.757   |   3.043
7.  	WOLFSBURG             |    71.879     |      48.257       |   2.721   |   1.810   |   0.665   |   2.409
8.  	HERTHA BERLIN         |    72.480     |      46.888       |   2.553   |   2.019   |   0.791   |   3.193
9.  	HOFFENHEIM            |    71.122     |      44.608       |   2.365   |   2.033   |   0.860   |   3.495
10.  	UNION BERLIN          |    69.902     |      45.169       |   2.436   |   1.807   |   0.742   |   2.680
11.  	STUTTGART             |    65.721     |      39.025       |   1.980   |   1.809   |   0.914   |   3.307
12.  	WERDER BREMEN         |    64.370     |      39.564       |   2.016   |   1.588   |   0.788   |   2.501
13.  	KOLN                  |    62.727     |      36.993       |   1.845   |   1.617   |   0.876   |   2.833
14.  	FREIBURG              |    61.534     |      35.263       |   1.742   |   1.632   |   0.937   |   3.059
15.  	AUGSBURG              |    60.380     |      35.283       |   1.733   |   1.492   |   0.861   |   2.569
16.  	MAINZ                 |    57.872     |      31.012       |   1.511   |   1.605   |   1.062   |   3.410
17.  	ARMINIA               |    53.159     |      28.857       |   1.355   |   1.276   |   0.942   |   2.402
18.  	SCHALKE 04            |    53.654     |      28.407       |   1.350   |   1.373   |   1.017   |   2.793

============================================================================================================================

#           Club              |  SPI Default  |  SPI Round-Robin  |   Power   |    ATK    |    DEF    |    OFF
1.  	BENFICA               |    75.479     |      71.443       |   2.960   |   2.075   |   0.701   |   2.910
2.  	PORTO                 |    73.910     |      69.762       |   2.767   |   2.018   |   0.729   |   2.944
3.  	SPORTING              |    68.998     |      64.850       |   2.383   |   1.748   |   0.734   |   2.566
4.  	BRAGA                 |    63.320     |      58.869       |   1.900   |   1.611   |   0.848   |   2.733
5.  	RIO AVE               |    52.558     |      48.310       |   1.350   |   1.194   |   0.884   |   2.111
6.  	VITORIA DE GUIMARAES  |    49.702     |      45.444       |   1.215   |   1.131   |   0.931   |   2.105
7.  	FAMALICAO             |    48.318     |      43.713       |   1.124   |   1.255   |   1.116   |   2.801
8.  	PACOS DE FERREIRA     |    46.293     |      41.808       |   1.054   |   1.167   |   1.107   |   2.585
9.  	SANTA CLARA           |    45.547     |      41.195       |   1.034   |   1.095   |   1.059   |   2.319
10.  	FARENSE               |    43.393     |      38.907       |   0.950   |   1.135   |   1.195   |   2.714
11.  	BOAVISTA              |    42.711     |      38.401       |   0.932   |   1.040   |   1.117   |   2.323
12.  	GIL VICENTE           |    42.650     |      38.381       |   0.931   |   1.020   |   1.095   |   2.233
13.  	MOREIRENSE            |    42.320     |      38.132       |   0.922   |   0.978   |   1.061   |   2.076
14.  	PORTIMONENSE          |    42.046     |      37.755       |   0.909   |   1.024   |   1.127   |   2.308
15.  	BELENENSES            |    39.993     |      36.108       |   0.846   |   0.818   |   0.967   |   1.584
16.  	MARITIMO              |    39.948     |      35.769       |   0.841   |   0.953   |   1.133   |   2.159
17.  	NACIONAL              |    39.753     |      35.514       |   0.835   |   0.983   |   1.177   |   2.315
18.  	TONDELA               |    36.984     |      32.771       |   0.753   |   0.968   |   1.286   |   2.490

============================================================================================================================

#           Club              |  SPI Default  |  SPI Round-Robin  |   Power   |    ATK    |    DEF    |    OFF
1.  	BARCELONA             |    90.791     |      68.619       |   5.997   |   3.225   |   0.538   |   3.468
2.  	ATL MADRID            |    88.313     |      66.637       |   6.083   |   2.705   |   0.445   |   2.405
3.  	REAL MADRID           |    88.155     |      65.408       |   5.629   |   2.786   |   0.495   |   2.758
4.  	REAL SOCIEDAD         |    84.383     |      59.892       |   4.690   |   2.454   |   0.523   |   2.568
5.  	VILLARREAL            |    80.377     |      53.599       |   3.728   |   2.271   |   0.609   |   2.768
6.  	SEVILLA               |    79.385     |      53.697       |   3.830   |   2.100   |   0.548   |   2.304
7.  	ATL BILBAO            |    72.212     |      45.322       |   2.849   |   1.765   |   0.620   |   2.187
8.  	GETAFE                |    69.681     |      44.212       |   2.771   |   1.551   |   0.560   |   1.736
9.  	BETIS                 |    71.176     |      41.633       |   2.469   |   1.933   |   0.783   |   3.026
10.  	OSASUNA               |    69.102     |      42.099       |   2.533   |   1.639   |   0.647   |   2.122
11.  	VALENCIA              |    69.713     |      40.030       |   2.336   |   1.881   |   0.805   |   3.029
12.  	CELTA                 |    68.645     |      39.936       |   2.330   |   1.756   |   0.754   |   2.647
13.  	GRANADA               |    68.190     |      39.723       |   2.313   |   1.719   |   0.743   |   2.555
14.  	LEVANTE               |    66.508     |      37.573       |   2.141   |   1.699   |   0.794   |   2.696
15.  	ALAVES                |    64.057     |      36.727       |   2.066   |   1.495   |   0.724   |   2.165
16.  	CADIZ                 |    62.623     |      36.995       |   2.078   |   1.332   |   0.641   |   1.707
17.  	EIBAR                 |    62.590     |      36.483       |   2.038   |   1.365   |   0.670   |   1.828
18.  	HUESCA                |    62.433     |      34.775       |   1.918   |   1.478   |   0.770   |   2.278
19.  	VALLADOLID            |    60.891     |      33.477       |   1.821   |   1.423   |   0.781   |   2.223
20.  	ELCHE                 |    57.724     |      30.709       |   1.626   |   1.330   |   0.818   |   2.177

============================================================================================================================

#           Club              |  SPI Default  |  SPI Round-Robin  |   Power   |    ATK    |    DEF    |    OFF
1.  	JUVENTUS              |    82.993     |      66.889       |   4.042   |   2.496   |   0.618   |   3.082
2.  	MILAN                 |    82.802     |      65.452       |   3.716   |   2.632   |   0.708   |   3.730
3.  	INTER                 |    82.235     |      64.423       |   3.575   |   2.626   |   0.735   |   3.859
4.  	NAPOLI                |    80.419     |      64.112       |   3.777   |   2.254   |   0.597   |   2.690
5.  	ATALANTA              |    79.737     |      61.694       |   3.342   |   2.394   |   0.716   |   3.430
6.  	ROMA                  |    79.641     |      61.514       |   3.319   |   2.395   |   0.722   |   3.457
7.  	LAZIO                 |    71.924     |      52.470       |   2.535   |   1.965   |   0.775   |   3.044
8.  	SASSUOLO              |    69.255     |      48.258       |   2.196   |   1.986   |   0.904   |   3.592
9.  	FIORENTINA            |    64.347     |      44.725       |   1.995   |   1.610   |   0.807   |   2.598
10.  	BOLOGNA               |    60.709     |      39.984       |   1.701   |   1.595   |   0.938   |   2.993
11.  	HELLAS VERONA         |    58.929     |      39.171       |   1.654   |   1.438   |   0.869   |   2.498
12.  	UDINESE               |    57.463     |      38.514       |   1.615   |   1.316   |   0.815   |   2.144
13.  	SAMPDORIA             |    58.115     |      37.739       |   1.576   |   1.480   |   0.939   |   2.777
14.  	TORINO                |    58.686     |      37.317       |   1.559   |   1.607   |   1.031   |   3.313
15.  	CAGLIARI              |    57.756     |      37.121       |   1.545   |   1.498   |   0.970   |   2.906
16.  	GENOA                 |    53.648     |      33.294       |   1.350   |   1.373   |   1.016   |   2.791
17.  	SPEZIA                |    52.939     |      33.002       |   1.331   |   1.313   |   0.987   |   2.590
18.  	PARMA                 |    53.412     |      32.527       |   1.322   |   1.430   |   1.081   |   3.092
19.  	BENEVENTO             |    52.811     |      32.086       |   1.300   |   1.400   |   1.077   |   3.017
20.  	CROTONE               |    50.040     |      30.550       |   1.210   |   1.216   |   1.005   |   2.445

============================================================================================================================

#           Club              |  SPI Default  |  SPI Round-Robin  |   Power   |    ATK    |    DEF    |    OFF
1.  	PSG                   |    88.464     |      76.486       |   5.146   |   2.993   |   0.582   |   3.481
2.  	LYON                  |    75.865     |      61.176       |   3.207   |   1.971   |   0.615   |   2.423
3.  	MONACO                |    74.279     |      57.359       |   2.656   |   2.162   |   0.814   |   3.519
4.  	LILLE                 |    72.531     |      57.202       |   2.793   |   1.836   |   0.657   |   2.413
5.  	RENNES                |    67.509     |      51.516       |   2.299   |   1.654   |   0.719   |   2.379
6.  	MARSEILLE             |    67.360     |      51.489       |   2.305   |   1.632   |   0.708   |   2.312
7.  	LENS                  |    63.493     |      46.872       |   1.952   |   1.561   |   0.800   |   2.496
8.  	MONTPELLIER           |    62.236     |      44.455       |   1.781   |   1.660   |   0.932   |   3.094
9.  	NICE                  |    61.337     |      44.507       |   1.799   |   1.509   |   0.839   |   2.533
10.  	REIMS                 |    58.089     |      40.907       |   1.587   |   1.453   |   0.915   |   2.659
11.  	ANGERS                |    57.799     |      40.712       |   1.577   |   1.433   |   0.909   |   2.605
12.  	NANTES                |    57.527     |      40.815       |   1.584   |   1.381   |   0.871   |   2.406
13.  	BORDEAUX              |    56.420     |      40.843       |   1.592   |   1.223   |   0.768   |   1.880
14.  	STRASBOURG            |    57.406     |      40.026       |   1.539   |   1.459   |   0.948   |   2.765
15.  	ST ETIENNE            |    56.159     |      39.619       |   1.518   |   1.325   |   0.873   |   2.312
16.  	METZ                  |    55.433     |      39.483       |   1.512   |   1.240   |   0.820   |   2.034
17.  	BREST                 |    56.569     |      38.175       |   1.448   |   1.571   |   1.085   |   3.408
18.  	NIMES                 |    51.703     |      34.813       |   1.278   |   1.273   |   0.997   |   2.539
19.  	LORIENT               |    50.410     |      33.082       |   1.206   |   1.309   |   1.085   |   2.842
20.  	DIJON                 |    46.989     |      30.877       |   1.092   |   1.111   |   1.018   |   2.261
