#           Club              |  SPI Default  |  SPI Round-Robin  |   Power   |    ATK    |    DEF    |    OFF
1.  	BAYERN MUNCHEN        |    95.002     |      84.525       |   7.871   |   4.110   |   0.522   |   4.292
2.  	MANCHESTER CITY       |    93.199     |      81.968       |   7.632   |   3.462   |   0.454   |   3.141
3.  	LIVERPOOL             |    91.398     |      77.719       |   5.889   |   3.411   |   0.579   |   3.951
4.  	REAL MADRID           |    89.770     |      76.997       |   6.449   |   2.893   |   0.449   |   2.595
5.  	BARCELONA             |    90.186     |      76.514       |   5.875   |   3.122   |   0.531   |   3.318
6.  	PSG                   |    89.087     |      74.521       |   5.352   |   3.049   |   0.570   |   3.474
7.  	ATL MADRID            |    86.373     |      72.604       |   5.578   |   2.506   |   0.449   |   2.251
8.  	DORTMUND              |    86.367     |      71.581       |   5.057   |   2.644   |   0.523   |   2.765
9.  	LEIPZIG               |    86.167     |      71.071       |   4.903   |   2.660   |   0.543   |   2.887
10.  	CHELSEA               |    85.745     |      69.929       |   4.582   |   2.705   |   0.591   |   3.195
11.  	MANCHESTER UNITED     |    84.335     |      68.092       |   4.309   |   2.586   |   0.600   |   3.103
12.  	TOTTENHAM             |    83.782     |      67.046       |   4.103   |   2.589   |   0.631   |   3.266
13.  	INTER                 |    83.705     |      65.866       |   3.795   |   2.735   |   0.721   |   3.942
14.  	NAPOLI                |    82.437     |      65.959       |   4.058   |   2.407   |   0.593   |   2.857
15.  	JUVENTUS              |    82.508     |      65.461       |   3.899   |   2.490   |   0.639   |   3.180
16.  	MILAN                 |    82.062     |      64.593       |   3.747   |   2.500   |   0.667   |   3.336
17.  	REAL SOCIEDAD         |    80.858     |      64.730       |   4.009   |   2.214   |   0.552   |   2.445
18.  	ARSENAL               |    80.493     |      64.002       |   3.863   |   2.226   |   0.576   |   2.565
19.  	SEVILLA               |    79.446     |      63.773       |   4.004   |   2.043   |   0.510   |   2.085
20.  	ATALANTA              |    80.467     |      61.662       |   3.310   |   2.524   |   0.762   |   3.847
21.  	BENFICA               |    79.101     |      61.545       |   3.455   |   2.239   |   0.648   |   2.902
22.  	LEICESTER             |    78.355     |      60.904       |   3.409   |   2.167   |   0.636   |   2.754
23.  	VILLARREAL            |    78.118     |      60.710       |   3.397   |   2.143   |   0.631   |   2.705
24.  	WEST HAM              |    77.684     |      59.491       |   3.191   |   2.206   |   0.691   |   3.051
25.  	EVERTON               |    77.340     |      59.334       |   3.198   |   2.158   |   0.675   |   2.912
26.  	LYON                  |    76.787     |      59.566       |   3.311   |   2.025   |   0.611   |   2.476
27.  	BAYER LEVERKUSEN      |    76.444     |      59.314       |   3.298   |   1.991   |   0.604   |   2.403
28.  	SOUTHAMPTON           |    76.631     |      59.021       |   3.213   |   2.059   |   0.641   |   2.640
29.  	PORTO                 |    76.053     |      58.010       |   3.074   |   2.071   |   0.674   |   2.790
30.  	MONCHENGLADBACH       |    76.117     |      57.599       |   2.993   |   2.133   |   0.713   |   3.041
31.  	ROMA                  |    74.750     |      55.330       |   2.735   |   2.154   |   0.788   |   3.394
32.  	WOLVERHAMPTON         |    72.614     |      55.921       |   3.014   |   1.716   |   0.569   |   1.953
33.  	BRIGHTON              |    73.795     |      55.006       |   2.751   |   2.017   |   0.733   |   2.956
34.  	LEEDS                 |    73.294     |      54.514       |   2.711   |   1.986   |   0.733   |   2.909
35.  	GRANADA               |    72.372     |      54.196       |   2.726   |   1.864   |   0.684   |   2.549
36.  	GETAFE                |    71.017     |      55.163       |   3.027   |   1.553   |   0.513   |   1.594
37.  	ASTON VILLA           |    72.245     |      53.785       |   2.671   |   1.889   |   0.707   |   2.673
38.  	EINTRACHT FRANKFURT   |    71.993     |      52.826       |   2.551   |   1.959   |   0.768   |   3.010
39.  	WOLFSBURG             |    71.228     |      53.302       |   2.666   |   1.776   |   0.666   |   2.367
40.  	BETIS                 |    71.451     |      53.024       |   2.610   |   1.844   |   0.707   |   2.606
41.  	HOFFENHEIM            |    71.929     |      52.556       |   2.518   |   1.981   |   0.787   |   3.116
42.  	LILLE                 |    70.479     |      52.955       |   2.663   |   1.696   |   0.637   |   2.161
43.  	LAZIO                 |    71.142     |      51.862       |   2.469   |   1.928   |   0.781   |   3.011
44.  	FLAMENGO              |    70.981     |      51.771       |   2.465   |   1.911   |   0.775   |   2.964
45.  	OSASUNA               |    69.725     |      52.318       |   2.614   |   1.649   |   0.631   |   2.079
46.  	HERTHA BERLIN         |    69.858     |      50.408       |   2.350   |   1.884   |   0.802   |   3.022
47.  	ATL BILBAO            |    68.501     |      51.404       |   2.553   |   1.563   |   0.612   |   1.915
48.  	RENNES                |    68.537     |      50.054       |   2.364   |   1.712   |   0.724   |   2.480
49.  	CELTA                 |    67.847     |      49.822       |   2.367   |   1.632   |   0.690   |   2.252
50.  	MARSEILLE             |    67.464     |      48.911       |   2.272   |   1.674   |   0.737   |   2.468
51.  	FIORENTINA            |    67.928     |      48.247       |   2.184   |   1.825   |   0.835   |   3.049
52.  	MONACO                |    67.993     |      47.851       |   2.143   |   1.884   |   0.879   |   3.313
53.  	SASSUOLO              |    68.613     |      47.133       |   2.065   |   2.087   |   1.011   |   4.219
54.  	ATLETICO-MG           |    67.374     |      47.872       |   2.163   |   1.780   |   0.823   |   2.930
55.  	CRYSTAL PALACE        |    66.133     |      47.634       |   2.176   |   1.616   |   0.742   |   2.400
56.  	VALENCIA              |    66.058     |      47.146       |   2.128   |   1.659   |   0.780   |   2.588
57.  	CADIZ                 |    64.693     |      47.982       |   2.273   |   1.381   |   0.607   |   1.677
58.  	ALAVES                |    64.811     |      47.084       |   2.160   |   1.485   |   0.688   |   2.043
59.  	NEWCASTLE             |    65.562     |      46.493       |   2.076   |   1.659   |   0.799   |   2.650
60.  	BURNLEY               |    64.958     |      46.551       |   2.098   |   1.563   |   0.745   |   2.328
61.  	SHEFFIELD UNITED      |    64.283     |      46.281       |   2.090   |   1.496   |   0.716   |   2.142
62.  	UNION BERLIN          |    64.605     |      45.876       |   2.041   |   1.586   |   0.777   |   2.465
63.  	EIBAR                 |    63.751     |      46.349       |   2.113   |   1.416   |   0.670   |   1.899
64.  	LEVANTE               |    64.922     |      45.438       |   1.994   |   1.684   |   0.845   |   2.845
65.  	STUTTGART             |    64.470     |      44.530       |   1.926   |   1.723   |   0.895   |   3.084
66.  	SPORTING              |    63.151     |      44.717       |   1.965   |   1.505   |   0.766   |   2.305
67.  	LENS                  |    62.877     |      44.588       |   1.959   |   1.481   |   0.756   |   2.238
68.  	WERDER BREMEN         |    63.425     |      44.198       |   1.915   |   1.603   |   0.837   |   2.684
69.  	GREMIO                |    62.609     |      44.402       |   1.947   |   1.463   |   0.752   |   2.199
70.  	INTERNACIONAL         |    62.671     |      44.234       |   1.931   |   1.490   |   0.772   |   2.300
71.  	FREIBURG              |    63.170     |      43.624       |   1.873   |   1.632   |   0.872   |   2.846
72.  	KOLN                  |    62.955     |      43.084       |   1.834   |   1.665   |   0.908   |   3.023
73.  	HUESCA                |    61.608     |      43.450       |   1.881   |   1.428   |   0.759   |   2.169
74.  	AUGSBURG              |    62.071     |      43.020       |   1.840   |   1.541   |   0.837   |   2.581
75.  	SAMPDORIA             |    62.281     |      42.342       |   1.788   |   1.653   |   0.924   |   3.056
76.  	BORDEAUX              |    60.813     |      43.315       |   1.883   |   1.337   |   0.710   |   1.899
77.  	SAO PAULO             |    60.697     |      42.748       |   1.836   |   1.380   |   0.752   |   2.075
78.  	BRAGA                 |    61.244     |      41.839       |   1.761   |   1.558   |   0.885   |   2.758
79.  	BOLOGNA               |    60.422     |      40.421       |   1.673   |   1.609   |   0.962   |   3.095
80.  	VALLADOLID            |    59.130     |      41.182       |   1.731   |   1.339   |   0.774   |   2.072
81.  	NICE                  |    59.719     |      40.720       |   1.695   |   1.470   |   0.868   |   2.551
82.  	FULHAM                |    59.698     |      40.419       |   1.675   |   1.503   |   0.897   |   2.696
83.  	ELCHE                 |    58.580     |      40.688       |   1.699   |   1.320   |   0.777   |   2.050
84.  	PALMEIRAS             |    58.793     |      40.247       |   1.668   |   1.396   |   0.837   |   2.337
85.  	ANGERS                |    58.968     |      40.096       |   1.657   |   1.437   |   0.867   |   2.492
86.  	MONTPELLIER           |    59.128     |      39.365       |   1.613   |   1.548   |   0.960   |   2.970
87.  	WEST BROM             |    58.634     |      39.611       |   1.628   |   1.447   |   0.889   |   2.572
88.  	UDINESE               |    58.441     |      39.556       |   1.625   |   1.426   |   0.878   |   2.504
89.  	HELLAS VERONA         |    58.211     |      39.542       |   1.625   |   1.396   |   0.859   |   2.400
90.  	REIMS                 |    58.034     |      39.252       |   1.607   |   1.405   |   0.874   |   2.457
91.  	ST ETIENNE            |    57.561     |      39.233       |   1.606   |   1.343   |   0.836   |   2.246
92.  	ARMINIA               |    57.629     |      39.006       |   1.593   |   1.378   |   0.865   |   2.384
93.  	STRASBOURG            |    57.637     |      38.572       |   1.568   |   1.430   |   0.912   |   2.608
94.  	TORINO                |    58.291     |      37.950       |   1.536   |   1.604   |   1.044   |   3.347
95.  	CAGLIARI              |    57.901     |      38.142       |   1.545   |   1.520   |   0.984   |   2.991
96.  	NANTES                |    57.124     |      38.460       |   1.561   |   1.372   |   0.879   |   2.412
97.  	METZ                  |    56.413     |      38.691       |   1.574   |   1.253   |   0.796   |   1.996
98.  	MAINZ                 |    56.794     |      36.869       |   1.478   |   1.520   |   1.028   |   3.125
99.  	PARMA                 |    56.550     |      36.118       |   1.443   |   1.583   |   1.097   |   3.474
100.  	BENEVENTO             |    55.523     |      35.628       |   1.414   |   1.494   |   1.057   |   3.158
101.  	SCHALKE 04            |    54.479     |      35.355       |   1.394   |   1.379   |   0.989   |   2.728
102.  	GENOA                 |    54.573     |      34.782       |   1.372   |   1.466   |   1.069   |   3.136
103.  	BREST                 |    54.012     |      34.482       |   1.354   |   1.424   |   1.052   |   2.996
104.  	NIMES                 |    52.944     |      34.243       |   1.334   |   1.305   |   0.978   |   2.553
105.  	FLUMINENSE            |    52.726     |      34.367       |   1.336   |   1.260   |   0.943   |   2.378
106.  	LORIENT               |    53.279     |      33.818       |   1.322   |   1.406   |   1.064   |   2.991
107.  	VITORIA DE GUIMARAES  |    51.918     |      34.556       |   1.335   |   1.136   |   0.851   |   1.933
108.  	SANTOS                |    52.133     |      33.682       |   1.303   |   1.264   |   0.970   |   2.452
109.  	FORTALEZA             |    50.676     |      33.766       |   1.287   |   1.070   |   0.832   |   1.780
110.  	ATHLETICO-PR          |    50.632     |      33.549       |   1.278   |   1.088   |   0.851   |   1.853
111.  	RIO AVE               |    51.105     |      32.987       |   1.264   |   1.212   |   0.958   |   2.322
112.  	CROTONE               |    51.506     |      32.573       |   1.256   |   1.317   |   1.049   |   2.764
113.  	SPEZIA                |    50.439     |      31.653       |   1.212   |   1.289   |   1.064   |   2.742
114.  	BRAGANTINO            |    50.027     |      31.800       |   1.210   |   1.214   |   1.004   |   2.437
115.  	CEARA                 |    48.847     |      31.000       |   1.166   |   1.158   |   0.992   |   2.297
116.  	BAHIA                 |    49.244     |      30.741       |   1.167   |   1.243   |   1.066   |   2.650
117.  	FAMALICAO             |    49.197     |      30.248       |   1.154   |   1.303   |   1.130   |   2.945
118.  	CORINTHIANS           |    48.443     |      30.323       |   1.141   |   1.189   |   1.042   |   2.477
119.  	DIJON                 |    47.110     |      29.229       |   1.090   |   1.152   |   1.057   |   2.435
120.  	SANTA CLARA           |    45.988     |      28.592       |   1.053   |   1.086   |   1.031   |   2.241
121.  	BOTAFOGO              |    45.508     |      27.965       |   1.031   |   1.104   |   1.071   |   2.365
122.  	MOREIRENSE            |    44.658     |      27.671       |   1.006   |   1.032   |   1.025   |   2.116
123.  	VASCO                 |    44.333     |      26.782       |   0.986   |   1.106   |   1.122   |   2.480
124.  	GIL VICENTE           |    43.379     |      26.724       |   0.961   |   0.989   |   1.029   |   2.036
125.  	PACOS DE FERREIRA     |    43.767     |      26.323       |   0.966   |   1.092   |   1.131   |   2.470
126.  	ATLETICO-GO           |    43.041     |      26.109       |   0.945   |   1.025   |   1.085   |   2.224
127.  	PORTIMONENSE          |    42.558     |      25.735       |   0.928   |   1.012   |   1.090   |   2.206
128.  	BELENENSES            |    41.562     |      25.741       |   0.900   |   0.887   |   0.985   |   1.748
129.  	FARENSE               |    41.429     |      24.175       |   0.886   |   1.079   |   1.217   |   2.627
130.  	MARITIMO              |    40.650     |      23.972       |   0.863   |   1.002   |   1.161   |   2.326
131.  	CORITIBA              |    40.231     |      23.923       |   0.851   |   0.953   |   1.121   |   2.137
132.  	BOAVISTA              |    39.558     |      23.134       |   0.829   |   0.975   |   1.177   |   2.295
133.  	NACIONAL              |    39.045     |      22.499       |   0.813   |   0.999   |   1.229   |   2.455
134.  	SPORT                 |    38.662     |      22.374       |   0.801   |   0.965   |   1.205   |   2.326
135.  	TONDELA               |    38.410     |      22.073       |   0.794   |   0.976   |   1.229   |   2.399
136.  	GOIAS                 |    37.850     |      21.134       |   0.780   |   1.046   |   1.341   |   2.806

============================================================================================================================

#           Club              |  SPI Default  |  SPI Round-Robin  |   Power   |    ATK    |    DEF    |    OFF
1.  	FLAMENGO              |    70.981     |      64.581       |   2.465   |   1.911   |   0.775   |   2.964
2.  	ATLETICO-MG           |    67.374     |      60.730       |   2.163   |   1.780   |   0.823   |   2.930
3.  	INTERNACIONAL         |    62.671     |      56.302       |   1.931   |   1.490   |   0.772   |   2.300
4.  	GREMIO                |    62.609     |      56.335       |   1.947   |   1.463   |   0.752   |   2.199
5.  	SAO PAULO             |    60.697     |      54.463       |   1.836   |   1.380   |   0.752   |   2.075
6.  	PALMEIRAS             |    58.793     |      52.229       |   1.668   |   1.396   |   0.837   |   2.337
7.  	FLUMINENSE            |    52.726     |      45.984       |   1.336   |   1.260   |   0.943   |   2.378
8.  	SANTOS                |    52.133     |      45.321       |   1.303   |   1.264   |   0.970   |   2.452
9.  	FORTALEZA             |    50.676     |      44.497       |   1.287   |   1.070   |   0.832   |   1.780
10.  	ATHLETICO-PR          |    50.632     |      44.373       |   1.278   |   1.088   |   0.851   |   1.853
11.  	BRAGANTINO            |    50.027     |      43.215       |   1.210   |   1.214   |   1.004   |   2.437
12.  	BAHIA                 |    49.244     |      42.263       |   1.167   |   1.243   |   1.066   |   2.650
13.  	CEARA                 |    48.847     |      42.154       |   1.166   |   1.158   |   0.992   |   2.297
14.  	CORINTHIANS           |    48.443     |      41.601       |   1.141   |   1.189   |   1.042   |   2.477
15.  	BOTAFOGO              |    45.508     |      38.785       |   1.031   |   1.104   |   1.071   |   2.365
16.  	VASCO                 |    44.333     |      37.541       |   0.986   |   1.106   |   1.122   |   2.480
17.  	ATLETICO-GO           |    43.041     |      36.476       |   0.945   |   1.025   |   1.085   |   2.224
18.  	CORITIBA              |    40.231     |      33.810       |   0.851   |   0.953   |   1.121   |   2.137
19.  	SPORT                 |    38.662     |      32.157       |   0.801   |   0.965   |   1.205   |   2.326
20.  	GOIAS                 |    37.850     |      31.074       |   0.780   |   1.046   |   1.341   |   2.806

============================================================================================================================

#           Club              |  SPI Default  |  SPI Round-Robin  |   Power   |    ATK    |    DEF    |    OFF
1.  	MANCHESTER CITY       |    93.199     |      73.158       |   7.632   |   3.462   |   0.454   |   3.141
2.  	LIVERPOOL             |    91.398     |      67.194       |   5.889   |   3.411   |   0.579   |   3.951
3.  	CHELSEA               |    85.745     |      58.282       |   4.582   |   2.705   |   0.591   |   3.195
4.  	MANCHESTER UNITED     |    84.335     |      56.247       |   4.309   |   2.586   |   0.600   |   3.103
5.  	TOTTENHAM             |    83.782     |      54.907       |   4.103   |   2.589   |   0.631   |   3.266
6.  	ARSENAL               |    80.493     |      52.220       |   3.863   |   2.226   |   0.576   |   2.565
7.  	LEICESTER             |    78.355     |      48.639       |   3.409   |   2.167   |   0.636   |   2.754
8.  	WEST HAM              |    77.684     |      46.811       |   3.191   |   2.206   |   0.691   |   3.051
9.  	EVERTON               |    77.340     |      46.790       |   3.198   |   2.158   |   0.675   |   2.912
10.  	SOUTHAMPTON           |    76.631     |      46.761       |   3.213   |   2.059   |   0.641   |   2.640
11.  	WOLVERHAMPTON         |    72.614     |      44.436       |   3.014   |   1.716   |   0.569   |   1.953
12.  	BRIGHTON              |    73.795     |      42.222       |   2.751   |   2.017   |   0.733   |   2.956
13.  	LEEDS                 |    73.294     |      41.768       |   2.711   |   1.986   |   0.733   |   2.909
14.  	ASTON VILLA           |    72.245     |      41.290       |   2.671   |   1.889   |   0.707   |   2.673
15.  	CRYSTAL PALACE        |    66.133     |      35.510       |   2.176   |   1.616   |   0.742   |   2.400
16.  	BURNLEY               |    64.958     |      34.554       |   2.098   |   1.563   |   0.745   |   2.328
17.  	NEWCASTLE             |    65.562     |      34.104       |   2.076   |   1.659   |   0.799   |   2.650
18.  	SHEFFIELD UNITED      |    64.283     |      34.544       |   2.090   |   1.496   |   0.716   |   2.142
19.  	FULHAM                |    59.698     |      28.356       |   1.675   |   1.503   |   0.897   |   2.696
20.  	WEST BROM             |    58.634     |      27.756       |   1.628   |   1.447   |   0.889   |   2.572

============================================================================================================================

#           Club              |  SPI Default  |  SPI Round-Robin  |   Power   |    ATK    |    DEF    |    OFF
1.  	BAYERN MUNCHEN        |    95.002     |      81.279       |   7.871   |   4.110   |   0.522   |   4.292
2.  	DORTMUND              |    86.367     |      66.955       |   5.057   |   2.644   |   0.523   |   2.765
3.  	LEIPZIG               |    86.167     |      66.348       |   4.903   |   2.660   |   0.543   |   2.887
4.  	BAYER LEVERKUSEN      |    76.444     |      53.947       |   3.298   |   1.991   |   0.604   |   2.403
5.  	MONCHENGLADBACH       |    76.117     |      51.823       |   2.993   |   2.133   |   0.713   |   3.041
6.  	WOLFSBURG             |    71.228     |      47.693       |   2.666   |   1.776   |   0.666   |   2.367
7.  	EINTRACHT FRANKFURT   |    71.993     |      46.861       |   2.551   |   1.959   |   0.768   |   3.010
8.  	HOFFENHEIM            |    71.929     |      46.532       |   2.518   |   1.981   |   0.787   |   3.116
9.  	HERTHA BERLIN         |    69.858     |      44.364       |   2.350   |   1.884   |   0.802   |   3.022
10.  	UNION BERLIN          |    64.605     |      40.043       |   2.041   |   1.586   |   0.777   |   2.465
11.  	STUTTGART             |    64.470     |      38.361       |   1.926   |   1.723   |   0.895   |   3.084
12.  	WERDER BREMEN         |    63.425     |      38.229       |   1.915   |   1.603   |   0.837   |   2.684
13.  	FREIBURG              |    63.170     |      37.569       |   1.873   |   1.632   |   0.872   |   2.846
14.  	KOLN                  |    62.955     |      36.940       |   1.834   |   1.665   |   0.908   |   3.023
15.  	AUGSBURG              |    62.071     |      37.106       |   1.840   |   1.541   |   0.837   |   2.581
16.  	ARMINIA               |    57.629     |      33.233       |   1.593   |   1.378   |   0.865   |   2.384
17.  	MAINZ                 |    56.794     |      30.750       |   1.478   |   1.520   |   1.028   |   3.125
18.  	SCHALKE 04            |    54.479     |      29.470       |   1.394   |   1.379   |   0.989   |   2.728

============================================================================================================================

#           Club              |  SPI Default  |  SPI Round-Robin  |   Power   |    ATK    |    DEF    |    OFF
1.  	BENFICA               |    79.101     |      75.197       |   3.455   |   2.239   |   0.648   |   2.902
2.  	PORTO                 |    76.053     |      72.031       |   3.074   |   2.071   |   0.674   |   2.790
3.  	SPORTING              |    63.151     |      58.949       |   1.965   |   1.505   |   0.766   |   2.305
4.  	BRAGA                 |    61.244     |      56.728       |   1.761   |   1.558   |   0.885   |   2.758
5.  	VITORIA DE GUIMARAES  |    51.918     |      47.808       |   1.335   |   1.136   |   0.851   |   1.933
6.  	RIO AVE               |    51.105     |      46.761       |   1.264   |   1.212   |   0.958   |   2.322
7.  	FAMALICAO             |    49.197     |      44.578       |   1.154   |   1.303   |   1.130   |   2.945
8.  	SANTA CLARA           |    45.988     |      41.724       |   1.053   |   1.086   |   1.031   |   2.241
9.  	MOREIRENSE            |    44.658     |      40.473       |   1.006   |   1.032   |   1.025   |   2.116
10.  	PACOS DE FERREIRA     |    43.767     |      39.437       |   0.966   |   1.092   |   1.131   |   2.470
11.  	GIL VICENTE           |    43.379     |      39.253       |   0.961   |   0.989   |   1.029   |   2.036
12.  	PORTIMONENSE          |    42.558     |      38.367       |   0.928   |   1.012   |   1.090   |   2.206
13.  	BELENENSES            |    41.562     |      37.615       |   0.900   |   0.887   |   0.985   |   1.748
14.  	FARENSE               |    41.429     |      37.098       |   0.886   |   1.079   |   1.217   |   2.627
15.  	MARITIMO              |    40.650     |      36.453       |   0.863   |   1.002   |   1.161   |   2.326
16.  	BOAVISTA              |    39.558     |      35.403       |   0.829   |   0.975   |   1.177   |   2.295
17.  	NACIONAL              |    39.045     |      34.847       |   0.813   |   0.999   |   1.229   |   2.455
18.  	TONDELA               |    38.410     |      34.253       |   0.794   |   0.976   |   1.229   |   2.399

============================================================================================================================

#           Club              |  SPI Default  |  SPI Round-Robin  |   Power   |    ATK    |    DEF    |    OFF
1.  	REAL MADRID           |    89.770     |      68.251       |   6.449   |   2.893   |   0.449   |   2.595
2.  	BARCELONA             |    90.186     |      67.347       |   5.875   |   3.122   |   0.531   |   3.318
3.  	ATL MADRID            |    86.373     |      63.519       |   5.578   |   2.506   |   0.449   |   2.251
4.  	REAL SOCIEDAD         |    80.858     |      54.938       |   4.009   |   2.214   |   0.552   |   2.445
5.  	SEVILLA               |    79.446     |      54.250       |   4.004   |   2.043   |   0.510   |   2.085
6.  	VILLARREAL            |    78.118     |      50.586       |   3.397   |   2.143   |   0.631   |   2.705
7.  	GETAFE                |    71.017     |      46.142       |   3.027   |   1.553   |   0.513   |   1.594
8.  	GRANADA               |    72.372     |      44.205       |   2.726   |   1.864   |   0.684   |   2.549
9.  	BETIS                 |    71.451     |      43.011       |   2.610   |   1.844   |   0.707   |   2.606
10.  	OSASUNA               |    69.725     |      42.823       |   2.614   |   1.649   |   0.631   |   2.079
11.  	ATL BILBAO            |    68.501     |      42.119       |   2.553   |   1.563   |   0.612   |   1.915
12.  	CELTA                 |    67.847     |      40.251       |   2.367   |   1.632   |   0.690   |   2.252
13.  	CADIZ                 |    64.693     |      39.146       |   2.273   |   1.381   |   0.607   |   1.677
14.  	VALENCIA              |    66.058     |      37.401       |   2.128   |   1.659   |   0.780   |   2.588
15.  	ALAVES                |    64.811     |      37.873       |   2.160   |   1.485   |   0.688   |   2.043
16.  	EIBAR                 |    63.751     |      37.343       |   2.113   |   1.416   |   0.670   |   1.899
17.  	LEVANTE               |    64.922     |      35.582       |   1.994   |   1.684   |   0.845   |   2.845
18.  	HUESCA                |    61.608     |      34.355       |   1.881   |   1.428   |   0.759   |   2.169
19.  	VALLADOLID            |    59.130     |      32.376       |   1.731   |   1.339   |   0.774   |   2.072
20.  	ELCHE                 |    58.580     |      31.950       |   1.699   |   1.320   |   0.777   |   2.050

============================================================================================================================

#           Club              |  SPI Default  |  SPI Round-Robin  |   Power   |    ATK    |    DEF    |    OFF
1.  	INTER                 |    83.705     |      66.701       |   3.795   |   2.735   |   0.721   |   3.942
2.  	NAPOLI                |    82.437     |      66.849       |   4.058   |   2.407   |   0.593   |   2.857
3.  	JUVENTUS              |    82.508     |      66.300       |   3.899   |   2.490   |   0.639   |   3.180
4.  	MILAN                 |    82.062     |      65.364       |   3.747   |   2.500   |   0.667   |   3.336
5.  	ATALANTA              |    80.467     |      62.189       |   3.310   |   2.524   |   0.762   |   3.847
6.  	ROMA                  |    74.750     |      55.391       |   2.735   |   2.154   |   0.788   |   3.394
7.  	LAZIO                 |    71.142     |      51.687       |   2.469   |   1.928   |   0.781   |   3.011
8.  	FIORENTINA            |    67.928     |      47.783       |   2.184   |   1.825   |   0.835   |   3.049
9.  	SASSUOLO              |    68.613     |      46.454       |   2.065   |   2.087   |   1.011   |   4.219
10.  	SAMPDORIA             |    62.281     |      41.425       |   1.788   |   1.653   |   0.924   |   3.056
11.  	BOLOGNA               |    60.422     |      39.358       |   1.673   |   1.609   |   0.962   |   3.095
12.  	UDINESE               |    58.441     |      38.526       |   1.625   |   1.426   |   0.878   |   2.504
13.  	HELLAS VERONA         |    58.211     |      38.529       |   1.625   |   1.396   |   0.859   |   2.400
14.  	CAGLIARI              |    57.901     |      36.933       |   1.545   |   1.520   |   0.984   |   2.991
15.  	TORINO                |    58.291     |      36.676       |   1.536   |   1.604   |   1.044   |   3.347
16.  	PARMA                 |    56.550     |      34.702       |   1.443   |   1.583   |   1.097   |   3.474
17.  	BENEVENTO             |    55.523     |      34.225       |   1.414   |   1.494   |   1.057   |   3.158
18.  	GENOA                 |    54.573     |      33.328       |   1.372   |   1.466   |   1.069   |   3.136
19.  	CROTONE               |    51.506     |      31.045       |   1.256   |   1.317   |   1.049   |   2.764
20.  	SPEZIA                |    50.439     |      30.075       |   1.212   |   1.289   |   1.064   |   2.742

============================================================================================================================

#           Club              |  SPI Default  |  SPI Round-Robin  |   Power   |    ATK    |    DEF    |    OFF
1.  	PSG                   |    89.087     |      77.290       |   5.352   |   3.049   |   0.570   |   3.474
2.  	LYON                  |    76.787     |      62.076       |   3.311   |   2.025   |   0.611   |   2.476
3.  	LILLE                 |    70.479     |      55.255       |   2.663   |   1.696   |   0.637   |   2.161
4.  	RENNES                |    68.537     |      52.377       |   2.364   |   1.712   |   0.724   |   2.480
5.  	MARSEILLE             |    67.464     |      51.200       |   2.272   |   1.674   |   0.737   |   2.468
6.  	MONACO                |    67.993     |      50.291       |   2.143   |   1.884   |   0.879   |   3.313
7.  	LENS                  |    62.877     |      46.685       |   1.959   |   1.481   |   0.756   |   2.238
8.  	BORDEAUX              |    60.813     |      45.287       |   1.883   |   1.337   |   0.710   |   1.899
9.  	NICE                  |    59.719     |      42.737       |   1.695   |   1.470   |   0.868   |   2.551
10.  	ANGERS                |    58.968     |      42.078       |   1.657   |   1.437   |   0.867   |   2.492
11.  	MONTPELLIER           |    59.128     |      41.387       |   1.613   |   1.548   |   0.960   |   2.970
12.  	REIMS                 |    58.034     |      41.192       |   1.607   |   1.405   |   0.874   |   2.457
13.  	ST ETIENNE            |    57.561     |      41.135       |   1.606   |   1.343   |   0.836   |   2.246
14.  	STRASBOURG            |    57.637     |      40.505       |   1.568   |   1.430   |   0.912   |   2.608
15.  	NANTES                |    57.124     |      40.359       |   1.561   |   1.372   |   0.879   |   2.412
16.  	METZ                  |    56.413     |      40.524       |   1.574   |   1.253   |   0.796   |   1.996
17.  	BREST                 |    54.012     |      36.260       |   1.354   |   1.424   |   1.052   |   2.996
18.  	NIMES                 |    52.944     |      35.964       |   1.334   |   1.305   |   0.978   |   2.553
19.  	LORIENT               |    53.279     |      35.559       |   1.322   |   1.406   |   1.064   |   2.991
20.  	DIJON                 |    47.110     |      30.675       |   1.090   |   1.152   |   1.057   |   2.435
