#           Club              |  SPI Default  |  SPI Round-Robin  |   Power   |    ATK    |    DEF    |    OFF
1.  	MANCHESTER CITY       |    93.997     |      84.124       |   9.416   |   3.407   |   0.362   |   2.465
2.  	BARCELONA             |    92.709     |      80.149       |   6.728   |   3.530   |   0.525   |   3.703
3.  	BAYERN MUNCHEN        |    92.209     |      79.047       |   6.332   |   3.495   |   0.552   |   3.859
4.  	LIVERPOOL             |    90.536     |      77.116       |   6.178   |   3.116   |   0.504   |   3.144
5.  	REAL MADRID           |    87.956     |      73.894       |   5.662   |   2.742   |   0.484   |   2.657
6.  	ATL MADRID            |    87.279     |      73.763       |   5.941   |   2.565   |   0.432   |   2.214
7.  	PSG                   |    87.047     |      71.912       |   5.051   |   2.761   |   0.547   |   3.018
8.  	CHELSEA               |    85.894     |      70.415       |   4.806   |   2.648   |   0.551   |   2.919
9.  	MANCHESTER UNITED     |    85.950     |      70.274       |   4.731   |   2.684   |   0.567   |   3.045
10.  	DORTMUND              |    85.546     |      69.456       |   4.538   |   2.689   |   0.592   |   3.186
11.  	LEIPZIG               |    84.029     |      68.577       |   4.640   |   2.419   |   0.521   |   2.522
12.  	ATALANTA              |    84.138     |      67.190       |   4.129   |   2.633   |   0.638   |   3.359
13.  	REAL SOCIEDAD         |    82.180     |      66.088       |   4.215   |   2.309   |   0.548   |   2.530
14.  	JUVENTUS              |    82.470     |      65.356       |   3.927   |   2.471   |   0.629   |   3.109
15.  	SEVILLA               |    81.584     |      65.930       |   4.306   |   2.200   |   0.511   |   2.247
16.  	TOTTENHAM             |    81.685     |      65.060       |   3.995   |   2.329   |   0.583   |   2.716
17.  	INTER                 |    82.124     |      64.206       |   3.685   |   2.544   |   0.690   |   3.512
18.  	VILLARREAL            |    80.754     |      64.407       |   3.985   |   2.210   |   0.555   |   2.451
19.  	LEICESTER             |    80.830     |      64.075       |   3.871   |   2.267   |   0.586   |   2.655
20.  	NAPOLI                |    80.645     |      63.413       |   3.721   |   2.310   |   0.621   |   2.869
21.  	LYON                  |    80.232     |      63.140       |   3.718   |   2.256   |   0.607   |   2.738
22.  	ARSENAL               |    79.032     |      62.481       |   3.744   |   2.093   |   0.559   |   2.340
23.  	ASTON VILLA           |    79.379     |      62.068       |   3.578   |   2.212   |   0.618   |   2.734
24.  	MILAN                 |    79.847     |      61.321       |   3.346   |   2.407   |   0.719   |   3.464
25.  	BAYER LEVERKUSEN      |    77.989     |      60.874       |   3.489   |   2.081   |   0.596   |   2.481
26.  	MONCHENGLADBACH       |    77.676     |      58.993       |   3.124   |   2.250   |   0.720   |   3.241
27.  	WEST HAM              |    76.496     |      58.829       |   3.217   |   2.040   |   0.634   |   2.588
28.  	ROMA                  |    76.855     |      57.619       |   2.955   |   2.260   |   0.765   |   3.457
29.  	EINTRACHT FRANKFURT   |    76.689     |      57.621       |   2.970   |   2.226   |   0.750   |   3.338
30.  	SOUTHAMPTON           |    75.559     |      58.154       |   3.182   |   1.949   |   0.612   |   2.386
31.  	EVERTON               |    75.681     |      57.629       |   3.064   |   2.032   |   0.663   |   2.696
32.  	WOLFSBURG             |    75.266     |      57.384       |   3.058   |   1.985   |   0.649   |   2.578
33.  	PORTO                 |    75.477     |      56.986       |   2.964   |   2.072   |   0.699   |   2.895
34.  	MONACO                |    75.445     |      55.830       |   2.779   |   2.211   |   0.796   |   3.517
35.  	ATL BILBAO            |    73.141     |      55.489       |   2.902   |   1.834   |   0.632   |   2.319
36.  	BENFICA               |    73.134     |      54.806       |   2.785   |   1.911   |   0.686   |   2.623
37.  	LILLE                 |    72.337     |      55.140       |   2.910   |   1.742   |   0.599   |   2.086
38.  	LEEDS                 |    73.697     |      53.849       |   2.606   |   2.130   |   0.817   |   3.480
39.  	BRIGHTON              |    72.690     |      54.462       |   2.762   |   1.875   |   0.679   |   2.546
40.  	BETIS                 |    72.915     |      53.970       |   2.670   |   1.972   |   0.738   |   2.912
41.  	CELTA                 |    72.124     |      53.343       |   2.628   |   1.909   |   0.726   |   2.774
42.  	LAZIO                 |    72.183     |      53.057       |   2.584   |   1.954   |   0.756   |   2.954
43.  	WOLVERHAMPTON         |    71.155     |      53.437       |   2.708   |   1.739   |   0.642   |   2.234
44.  	UNION BERLIN          |    69.783     |      51.128       |   2.452   |   1.779   |   0.725   |   2.581
45.  	SPORTING              |    69.215     |      51.092       |   2.477   |   1.694   |   0.684   |   2.316
46.  	STUTTGART             |    70.386     |      50.180       |   2.312   |   1.995   |   0.863   |   3.443
47.  	FREIBURG              |    69.968     |      50.253       |   2.336   |   1.913   |   0.819   |   3.134
48.  	FLAMENGO              |    69.538     |      49.671       |   2.287   |   1.912   |   0.836   |   3.197
49.  	HOFFENHEIM            |    69.351     |      49.338       |   2.258   |   1.922   |   0.851   |   3.271
50.  	LEVANTE               |    69.082     |      49.492       |   2.284   |   1.857   |   0.813   |   3.020
51.  	GETAFE                |    67.420     |      50.464       |   2.489   |   1.497   |   0.602   |   1.801
52.  	EIBAR                 |    67.283     |      50.127       |   2.447   |   1.512   |   0.618   |   1.868
53.  	RENNES                |    67.023     |      49.229       |   2.337   |   1.568   |   0.671   |   2.104
54.  	VALENCIA              |    67.437     |      48.122       |   2.192   |   1.754   |   0.800   |   2.808
55.  	HERTHA BERLIN         |    67.206     |      48.241       |   2.212   |   1.704   |   0.770   |   2.626
56.  	OSASUNA               |    66.773     |      48.500       |   2.257   |   1.610   |   0.713   |   2.296
57.  	GRANADA               |    66.781     |      47.626       |   2.160   |   1.710   |   0.792   |   2.707
58.  	MARSEILLE             |    65.932     |      47.712       |   2.197   |   1.573   |   0.716   |   2.251
59.  	CRYSTAL PALACE        |    65.265     |      46.527       |   2.091   |   1.606   |   0.768   |   2.466
60.  	ALAVES                |    64.737     |      46.449       |   2.098   |   1.538   |   0.733   |   2.254
61.  	ATLETICO-MG           |    65.004     |      45.169       |   1.971   |   1.726   |   0.876   |   3.023
62.  	SASSUOLO              |    65.201     |      44.762       |   1.934   |   1.809   |   0.935   |   3.383
63.  	WERDER BREMEN         |    64.070     |      45.262       |   1.998   |   1.573   |   0.787   |   2.478
64.  	INTERNACIONAL         |    63.596     |      44.907       |   1.975   |   1.544   |   0.782   |   2.415
65.  	LENS                  |    63.374     |      44.919       |   1.981   |   1.511   |   0.763   |   2.306
66.  	FULHAM                |    63.203     |      44.981       |   1.991   |   1.481   |   0.744   |   2.203
67.  	FIORENTINA            |    63.452     |      44.757       |   1.965   |   1.541   |   0.784   |   2.416
68.  	BRAGA                 |    63.210     |      43.934       |   1.898   |   1.600   |   0.843   |   2.698
69.  	BURNLEY               |    62.094     |      44.715       |   1.991   |   1.359   |   0.683   |   1.856
70.  	SAO PAULO             |    62.616     |      43.749       |   1.892   |   1.535   |   0.811   |   2.490
71.  	GREMIO                |    62.128     |      43.967       |   1.919   |   1.442   |   0.751   |   2.166
72.  	STRASBOURG            |    62.193     |      42.733       |   1.817   |   1.592   |   0.876   |   2.789
73.  	CADIZ                 |    60.573     |      43.247       |   1.883   |   1.311   |   0.697   |   1.827
74.  	PALMEIRAS             |    60.848     |      42.399       |   1.807   |   1.438   |   0.796   |   2.289
75.  	UDINESE               |    60.717     |      42.344       |   1.804   |   1.426   |   0.791   |   2.254
76.  	VALLADOLID            |    60.484     |      42.225       |   1.797   |   1.407   |   0.783   |   2.204
77.  	BORDEAUX              |    60.121     |      42.343       |   1.811   |   1.346   |   0.743   |   2.001
78.  	HELLAS VERONA         |    60.422     |      41.858       |   1.770   |   1.439   |   0.813   |   2.342
79.  	SHEFFIELD UNITED      |    59.302     |      41.346       |   1.741   |   1.344   |   0.772   |   2.076
80.  	NEWCASTLE             |    59.670     |      41.059       |   1.718   |   1.426   |   0.830   |   2.367
81.  	HUESCA                |    59.139     |      41.254       |   1.736   |   1.333   |   0.768   |   2.047
82.  	SAMPDORIA             |    59.730     |      40.071       |   1.652   |   1.552   |   0.939   |   2.915
83.  	BOLOGNA               |    59.630     |      40.117       |   1.655   |   1.532   |   0.925   |   2.834
84.  	ANGERS                |    58.753     |      40.303       |   1.671   |   1.386   |   0.830   |   2.299
85.  	METZ                  |    57.968     |      40.543       |   1.692   |   1.258   |   0.743   |   1.869
86.  	TORINO                |    59.255     |      39.630       |   1.627   |   1.537   |   0.945   |   2.904
87.  	MONTPELLIER           |    59.465     |      39.242       |   1.604   |   1.618   |   1.009   |   3.265
88.  	AUGSBURG              |    58.119     |      39.509       |   1.621   |   1.390   |   0.857   |   2.383
89.  	MAINZ                 |    58.396     |      38.846       |   1.582   |   1.509   |   0.954   |   2.878
90.  	REIMS                 |    57.752     |      38.976       |   1.589   |   1.401   |   0.882   |   2.472
91.  	KOLN                  |    57.526     |      38.644       |   1.570   |   1.409   |   0.898   |   2.531
92.  	BREST                 |    57.900     |      37.850       |   1.528   |   1.563   |   1.023   |   3.199
93.  	ST ETIENNE            |    56.646     |      38.341       |   1.551   |   1.325   |   0.854   |   2.263
94.  	NICE                  |    56.102     |      37.366       |   1.496   |   1.365   |   0.912   |   2.490
95.  	BRAGANTINO            |    56.021     |      37.221       |   1.489   |   1.371   |   0.921   |   2.526
96.  	ELCHE                 |    54.858     |      36.966       |   1.470   |   1.246   |   0.847   |   2.112
97.  	BENEVENTO             |    55.667     |      36.328       |   1.443   |   1.432   |   0.992   |   2.842
98.  	ARMINIA               |    54.207     |      36.356       |   1.435   |   1.230   |   0.857   |   2.110
99.  	SPEZIA                |    54.529     |      35.566       |   1.401   |   1.367   |   0.976   |   2.670
100.  	CAGLIARI              |    54.852     |      35.277       |   1.391   |   1.451   |   1.043   |   3.027
101.  	PACOS DE FERREIRA     |    53.770     |      35.488       |   1.391   |   1.273   |   0.916   |   2.332
102.  	VITORIA DE GUIMARAES  |    53.553     |      35.409       |   1.385   |   1.254   |   0.905   |   2.270
103.  	NANTES                |    53.537     |      35.206       |   1.376   |   1.276   |   0.927   |   2.366
104.  	GENOA                 |    53.693     |      35.081       |   1.372   |   1.312   |   0.956   |   2.509
105.  	WEST BROM             |    53.183     |      34.518       |   1.344   |   1.312   |   0.976   |   2.562
106.  	CEARA                 |    53.158     |      34.475       |   1.342   |   1.314   |   0.979   |   2.573
107.  	FLUMINENSE            |    52.480     |      34.149       |   1.322   |   1.262   |   0.955   |   2.411
108.  	ATHLETICO-PR          |    50.667     |      33.580       |   1.277   |   1.097   |   0.859   |   1.883
109.  	CORINTHIANS           |    50.986     |      32.878       |   1.256   |   1.219   |   0.971   |   2.366
110.  	SCHALKE 04            |    51.245     |      32.365       |   1.243   |   1.320   |   1.062   |   2.805
111.  	LORIENT               |    50.280     |      31.558       |   1.204   |   1.293   |   1.074   |   2.776
112.  	SANTOS                |    50.107     |      31.617       |   1.203   |   1.261   |   1.048   |   2.643
113.  	CROTONE               |    49.427     |      31.034       |   1.175   |   1.244   |   1.059   |   2.633
114.  	PARMA                 |    49.144     |      30.820       |   1.164   |   1.233   |   1.059   |   2.612
115.  	FORTALEZA             |    47.927     |      31.166       |   1.152   |   1.034   |   0.898   |   1.855
116.  	RIO AVE               |    47.976     |      30.795       |   1.142   |   1.083   |   0.948   |   2.052
117.  	DIJON                 |    46.802     |      30.013       |   1.099   |   1.029   |   0.937   |   1.929
118.  	BAHIA                 |    46.688     |      28.389       |   1.063   |   1.225   |   1.153   |   2.827
119.  	ATLETICO-GO           |    44.940     |      28.122       |   1.018   |   1.026   |   1.008   |   2.068
120.  	PORTIMONENSE          |    44.924     |      28.010       |   1.016   |   1.038   |   1.022   |   2.122
121.  	FAMALICAO             |    45.104     |      27.732       |   1.016   |   1.098   |   1.081   |   2.375
122.  	NIMES                 |    44.678     |      26.848       |   0.993   |   1.164   |   1.172   |   2.727
123.  	SANTA CLARA           |    43.809     |      26.779       |   0.971   |   1.054   |   1.086   |   2.291
124.  	GIL VICENTE           |    42.964     |      26.823       |   0.949   |   0.941   |   0.992   |   1.866
125.  	MARITIMO              |    42.431     |      25.952       |   0.925   |   0.985   |   1.064   |   2.097
126.  	VASCO                 |    42.734     |      25.693       |   0.931   |   1.060   |   1.139   |   2.415
127.  	MOREIRENSE            |    41.797     |      25.869       |   0.907   |   0.916   |   1.010   |   1.851
128.  	BOAVISTA              |    41.212     |      24.951       |   0.883   |   0.961   |   1.088   |   2.092
129.  	FARENSE               |    41.212     |      24.420       |   0.881   |   1.036   |   1.177   |   2.439
130.  	BELENENSES            |    39.191     |      24.651       |   0.819   |   0.755   |   0.922   |   1.394
131.  	BOTAFOGO              |    40.149     |      23.359       |   0.847   |   1.048   |   1.238   |   2.595
132.  	CORITIBA              |    39.235     |      23.359       |   0.819   |   0.923   |   1.128   |   2.082
133.  	GOIAS                 |    39.313     |      22.597       |   0.821   |   1.049   |   1.277   |   2.679
134.  	SPORT                 |    38.136     |      22.535       |   0.784   |   0.896   |   1.142   |   2.046
135.  	NACIONAL              |    35.844     |      20.556       |   0.718   |   0.883   |   1.231   |   2.174
136.  	TONDELA               |    35.347     |      19.846       |   0.707   |   0.928   |   1.313   |   2.437

============================================================================================================================

#           Club              |  SPI Default  |  SPI Round-Robin  |   Power   |    ATK    |    DEF    |    OFF
1.  	FLAMENGO              |    69.538     |      63.013       |   2.287   |   1.912   |   0.836   |   3.197
2.  	ATLETICO-MG           |    65.004     |      58.282       |   1.971   |   1.726   |   0.876   |   3.023
3.  	INTERNACIONAL         |    63.596     |      57.303       |   1.975   |   1.544   |   0.782   |   2.415
4.  	SAO PAULO             |    62.616     |      56.200       |   1.892   |   1.535   |   0.811   |   2.490
5.  	GREMIO                |    62.128     |      55.995       |   1.919   |   1.442   |   0.751   |   2.166
6.  	PALMEIRAS             |    60.848     |      54.531       |   1.807   |   1.438   |   0.796   |   2.289
7.  	BRAGANTINO            |    56.021     |      49.299       |   1.489   |   1.371   |   0.921   |   2.526
8.  	CEARA                 |    53.158     |      46.328       |   1.342   |   1.314   |   0.979   |   2.573
9.  	FLUMINENSE            |    52.480     |      45.776       |   1.322   |   1.262   |   0.955   |   2.411
10.  	ATHLETICO-PR          |    50.667     |      44.441       |   1.277   |   1.097   |   0.859   |   1.883
11.  	CORINTHIANS           |    50.986     |      44.300       |   1.256   |   1.219   |   0.971   |   2.366
12.  	SANTOS                |    50.107     |      43.186       |   1.203   |   1.261   |   1.048   |   2.643
13.  	FORTALEZA             |    47.927     |      41.699       |   1.152   |   1.034   |   0.898   |   1.855
14.  	BAHIA                 |    46.688     |      39.640       |   1.063   |   1.225   |   1.153   |   2.827
15.  	ATLETICO-GO           |    44.940     |      38.507       |   1.018   |   1.026   |   1.008   |   2.068
16.  	VASCO                 |    42.734     |      36.048       |   0.931   |   1.060   |   1.139   |   2.415
17.  	BOTAFOGO              |    40.149     |      33.410       |   0.847   |   1.048   |   1.238   |   2.595
18.  	CORITIBA              |    39.235     |      32.897       |   0.819   |   0.923   |   1.128   |   2.082
19.  	GOIAS                 |    39.313     |      32.551       |   0.821   |   1.049   |   1.277   |   2.679
20.  	SPORT                 |    38.136     |      31.863       |   0.784   |   0.896   |   1.142   |   2.046

============================================================================================================================

#           Club              |  SPI Default  |  SPI Round-Robin  |   Power   |    ATK    |    DEF    |    OFF
1.  	MANCHESTER CITY       |    93.997     |      75.750       |   9.416   |   3.407   |   0.362   |   2.465
2.  	LIVERPOOL             |    90.536     |      66.484       |   6.178   |   3.116   |   0.504   |   3.144
3.  	CHELSEA               |    85.894     |      58.814       |   4.806   |   2.648   |   0.551   |   2.919
4.  	MANCHESTER UNITED     |    85.950     |      58.543       |   4.731   |   2.684   |   0.567   |   3.045
5.  	TOTTENHAM             |    81.685     |      53.082       |   3.995   |   2.329   |   0.583   |   2.716
6.  	LEICESTER             |    80.830     |      52.085       |   3.871   |   2.267   |   0.586   |   2.655
7.  	ARSENAL               |    79.032     |      50.741       |   3.744   |   2.093   |   0.559   |   2.340
8.  	ASTON VILLA           |    79.379     |      49.863       |   3.578   |   2.212   |   0.618   |   2.734
9.  	WEST HAM              |    76.496     |      46.639       |   3.217   |   2.040   |   0.634   |   2.588
10.  	SOUTHAMPTON           |    75.559     |      46.179       |   3.182   |   1.949   |   0.612   |   2.386
11.  	EVERTON               |    75.681     |      45.286       |   3.064   |   2.032   |   0.663   |   2.696
12.  	BRIGHTON              |    72.690     |      42.253       |   2.762   |   1.875   |   0.679   |   2.546
13.  	WOLVERHAMPTON         |    71.155     |      41.612       |   2.708   |   1.739   |   0.642   |   2.234
14.  	LEEDS                 |    73.697     |      40.709       |   2.606   |   2.130   |   0.817   |   3.480
15.  	CRYSTAL PALACE        |    65.265     |      34.634       |   2.091   |   1.606   |   0.768   |   2.466
16.  	BURNLEY               |    62.094     |      33.727       |   1.991   |   1.359   |   0.683   |   1.856
17.  	FULHAM                |    63.203     |      33.500       |   1.991   |   1.481   |   0.744   |   2.203
18.  	SHEFFIELD UNITED      |    59.302     |      30.300       |   1.741   |   1.344   |   0.772   |   2.076
19.  	NEWCASTLE             |    59.670     |      29.682       |   1.718   |   1.426   |   0.830   |   2.367
20.  	WEST BROM             |    53.183     |      23.683       |   1.344   |   1.312   |   0.976   |   2.562

============================================================================================================================

#           Club              |  SPI Default  |  SPI Round-Robin  |   Power   |    ATK    |    DEF    |    OFF
1.  	BAYERN MUNCHEN        |    92.209     |      75.171       |   6.332   |   3.495   |   0.552   |   3.859
2.  	DORTMUND              |    85.546     |      64.482       |   4.538   |   2.689   |   0.592   |   3.186
3.  	LEIPZIG               |    84.029     |      63.807       |   4.640   |   2.419   |   0.521   |   2.522
4.  	BAYER LEVERKUSEN      |    77.989     |      55.450       |   3.489   |   2.081   |   0.596   |   2.481
5.  	MONCHENGLADBACH       |    77.676     |      53.028       |   3.124   |   2.250   |   0.720   |   3.241
6.  	WOLFSBURG             |    75.266     |      51.664       |   3.058   |   1.985   |   0.649   |   2.578
7.  	EINTRACHT FRANKFURT   |    76.689     |      51.513       |   2.970   |   2.226   |   0.750   |   3.338
8.  	UNION BERLIN          |    69.783     |      45.084       |   2.452   |   1.779   |   0.725   |   2.581
9.  	FREIBURG              |    69.968     |      43.856       |   2.336   |   1.913   |   0.819   |   3.134
10.  	STUTTGART             |    70.386     |      43.623       |   2.312   |   1.995   |   0.863   |   3.443
11.  	HOFFENHEIM            |    69.351     |      42.836       |   2.258   |   1.922   |   0.851   |   3.271
12.  	HERTHA BERLIN         |    67.206     |      42.068       |   2.212   |   1.704   |   0.770   |   2.626
13.  	WERDER BREMEN         |    64.070     |      39.115       |   1.998   |   1.573   |   0.787   |   2.478
14.  	AUGSBURG              |    58.119     |      33.391       |   1.621   |   1.390   |   0.857   |   2.383
15.  	KOLN                  |    57.526     |      32.436       |   1.570   |   1.409   |   0.898   |   2.531
16.  	MAINZ                 |    58.396     |      32.428       |   1.582   |   1.509   |   0.954   |   2.878
17.  	ARMINIA               |    54.207     |      30.468       |   1.435   |   1.230   |   0.857   |   2.110
18.  	SCHALKE 04            |    51.245     |      26.155       |   1.243   |   1.320   |   1.062   |   2.805

============================================================================================================================

#           Club              |  SPI Default  |  SPI Round-Robin  |   Power   |    ATK    |    DEF    |    OFF
1.  	PORTO                 |    75.477     |      70.892       |   2.964   |   2.072   |   0.699   |   2.895
2.  	BENFICA               |    73.134     |      68.612       |   2.785   |   1.911   |   0.686   |   2.623
3.  	SPORTING              |    69.215     |      64.766       |   2.477   |   1.694   |   0.684   |   2.316
4.  	BRAGA                 |    63.210     |      58.420       |   1.898   |   1.600   |   0.843   |   2.698
5.  	PACOS DE FERREIRA     |    53.770     |      49.227       |   1.391   |   1.273   |   0.916   |   2.332
6.  	VITORIA DE GUIMARAES  |    53.553     |      49.047       |   1.385   |   1.254   |   0.905   |   2.270
7.  	RIO AVE               |    47.976     |      43.700       |   1.142   |   1.083   |   0.948   |   2.052
8.  	FAMALICAO             |    45.104     |      40.757       |   1.016   |   1.098   |   1.081   |   2.375
9.  	PORTIMONENSE          |    44.924     |      40.699       |   1.016   |   1.038   |   1.022   |   2.122
10.  	SANTA CLARA           |    43.809     |      39.547       |   0.971   |   1.054   |   1.086   |   2.291
11.  	GIL VICENTE           |    42.964     |      38.931       |   0.949   |   0.941   |   0.992   |   1.866
12.  	MARITIMO              |    42.431     |      38.306       |   0.925   |   0.985   |   1.064   |   2.097
13.  	MOREIRENSE            |    41.797     |      37.812       |   0.907   |   0.916   |   1.010   |   1.851
14.  	BOAVISTA              |    41.212     |      37.137       |   0.883   |   0.961   |   1.088   |   2.092
15.  	FARENSE               |    41.212     |      37.000       |   0.881   |   1.036   |   1.177   |   2.439
16.  	BELENENSES            |    39.191     |      35.548       |   0.819   |   0.755   |   0.922   |   1.394
17.  	NACIONAL              |    35.844     |      31.998       |   0.718   |   0.883   |   1.231   |   2.174
18.  	TONDELA               |    35.347     |      31.451       |   0.707   |   0.928   |   1.313   |   2.437

============================================================================================================================

#           Club              |  SPI Default  |  SPI Round-Robin  |   Power   |    ATK    |    DEF    |    OFF
1.  	BARCELONA             |    92.709     |      72.155       |   6.728   |   3.530   |   0.525   |   3.703
2.  	ATL MADRID            |    87.279     |      65.456       |   5.941   |   2.565   |   0.432   |   2.214
3.  	REAL MADRID           |    87.956     |      65.306       |   5.662   |   2.742   |   0.484   |   2.657
4.  	SEVILLA               |    81.584     |      56.863       |   4.306   |   2.200   |   0.511   |   2.247
5.  	REAL SOCIEDAD         |    82.180     |      56.801       |   4.215   |   2.309   |   0.548   |   2.530
6.  	VILLARREAL            |    80.754     |      55.073       |   3.985   |   2.210   |   0.555   |   2.451
7.  	ATL BILBAO            |    73.141     |      45.995       |   2.902   |   1.834   |   0.632   |   2.319
8.  	BETIS                 |    72.915     |      43.966       |   2.670   |   1.972   |   0.738   |   2.912
9.  	CELTA                 |    72.124     |      43.451       |   2.628   |   1.909   |   0.726   |   2.774
10.  	GETAFE                |    67.420     |      41.570       |   2.489   |   1.497   |   0.602   |   1.801
11.  	EIBAR                 |    67.283     |      41.163       |   2.447   |   1.512   |   0.618   |   1.868
12.  	LEVANTE               |    69.082     |      39.466       |   2.284   |   1.857   |   0.813   |   3.020
13.  	OSASUNA               |    66.773     |      39.127       |   2.257   |   1.610   |   0.713   |   2.296
14.  	VALENCIA              |    67.437     |      38.305       |   2.192   |   1.754   |   0.800   |   2.808
15.  	GRANADA               |    66.781     |      37.911       |   2.160   |   1.710   |   0.792   |   2.707
16.  	ALAVES                |    64.737     |      37.195       |   2.098   |   1.538   |   0.733   |   2.254
17.  	CADIZ                 |    60.573     |      34.619       |   1.883   |   1.311   |   0.697   |   1.827
18.  	VALLADOLID            |    60.484     |      33.249       |   1.797   |   1.407   |   0.783   |   2.204
19.  	HUESCA                |    59.139     |      32.505       |   1.736   |   1.333   |   0.768   |   2.047
20.  	ELCHE                 |    54.858     |      28.490       |   1.470   |   1.246   |   0.847   |   2.112

============================================================================================================================

#           Club              |  SPI Default  |  SPI Round-Robin  |   Power   |    ATK    |    DEF    |    OFF
1.  	ATALANTA              |    84.138     |      67.835       |   4.129   |   2.633   |   0.638   |   3.359
2.  	JUVENTUS              |    82.470     |      65.901       |   3.927   |   2.471   |   0.629   |   3.109
3.  	INTER                 |    82.124     |      64.676       |   3.685   |   2.544   |   0.690   |   3.512
4.  	NAPOLI                |    80.645     |      63.853       |   3.721   |   2.310   |   0.621   |   2.869
5.  	MILAN                 |    79.847     |      61.618       |   3.346   |   2.407   |   0.719   |   3.464
6.  	ROMA                  |    76.855     |      57.685       |   2.955   |   2.260   |   0.765   |   3.457
7.  	LAZIO                 |    72.183     |      52.872       |   2.584   |   1.954   |   0.756   |   2.954
8.  	FIORENTINA            |    63.452     |      44.140       |   1.965   |   1.541   |   0.784   |   2.416
9.  	SASSUOLO              |    65.201     |      44.033       |   1.934   |   1.809   |   0.935   |   3.383
10.  	UDINESE               |    60.717     |      41.618       |   1.804   |   1.426   |   0.791   |   2.254
11.  	HELLAS VERONA         |    60.422     |      41.093       |   1.770   |   1.439   |   0.813   |   2.342
12.  	BOLOGNA               |    59.630     |      39.188       |   1.655   |   1.532   |   0.925   |   2.834
13.  	SAMPDORIA             |    59.730     |      39.129       |   1.652   |   1.552   |   0.939   |   2.915
14.  	TORINO                |    59.255     |      38.666       |   1.627   |   1.537   |   0.945   |   2.904
15.  	BENEVENTO             |    55.667     |      35.202       |   1.443   |   1.432   |   0.992   |   2.842
16.  	SPEZIA                |    54.529     |      34.428       |   1.401   |   1.367   |   0.976   |   2.670
17.  	CAGLIARI              |    54.852     |      34.074       |   1.391   |   1.451   |   1.043   |   3.027
18.  	GENOA                 |    53.693     |      33.945       |   1.372   |   1.312   |   0.956   |   2.509
19.  	CROTONE               |    49.427     |      29.700       |   1.175   |   1.244   |   1.059   |   2.633
20.  	PARMA                 |    49.144     |      29.481       |   1.164   |   1.233   |   1.059   |   2.612

============================================================================================================================

#           Club              |  SPI Default  |  SPI Round-Robin  |   Power   |    ATK    |    DEF    |    OFF
1.  	PSG                   |    87.047     |      74.478       |   5.051   |   2.761   |   0.547   |   3.018
2.  	LYON                  |    80.232     |      65.681       |   3.718   |   2.256   |   0.607   |   2.738
3.  	MONACO                |    75.445     |      58.479       |   2.779   |   2.211   |   0.796   |   3.517
4.  	LILLE                 |    72.337     |      57.408       |   2.910   |   1.742   |   0.599   |   2.086
5.  	RENNES                |    67.023     |      51.391       |   2.337   |   1.568   |   0.671   |   2.104
6.  	MARSEILLE             |    65.932     |      49.875       |   2.197   |   1.573   |   0.716   |   2.251
7.  	LENS                  |    63.374     |      47.015       |   1.981   |   1.511   |   0.763   |   2.306
8.  	STRASBOURG            |    62.193     |      44.847       |   1.817   |   1.592   |   0.876   |   2.789
9.  	BORDEAUX              |    60.121     |      44.289       |   1.811   |   1.346   |   0.743   |   2.001
10.  	METZ                  |    57.968     |      42.400       |   1.692   |   1.258   |   0.743   |   1.869
11.  	ANGERS                |    58.753     |      42.239       |   1.671   |   1.386   |   0.830   |   2.299
12.  	MONTPELLIER           |    59.465     |      41.277       |   1.604   |   1.618   |   1.009   |   3.265
13.  	REIMS                 |    57.752     |      40.890       |   1.589   |   1.401   |   0.882   |   2.472
14.  	ST ETIENNE            |    56.646     |      40.195       |   1.551   |   1.325   |   0.854   |   2.263
15.  	BREST                 |    57.900     |      39.811       |   1.528   |   1.563   |   1.023   |   3.199
16.  	NICE                  |    56.102     |      39.215       |   1.496   |   1.365   |   0.912   |   2.490
17.  	NANTES                |    53.537     |      36.943       |   1.376   |   1.276   |   0.927   |   2.366
18.  	LORIENT               |    50.280     |      33.157       |   1.204   |   1.293   |   1.074   |   2.776
19.  	DIJON                 |    46.802     |      31.460       |   1.099   |   1.029   |   0.937   |   1.929
20.  	NIMES                 |    44.678     |      28.179       |   0.993   |   1.164   |   1.172   |   2.727
