#           Club              |  SPI Default  |  SPI Round-Robin  |   Power   |    ATK    |    DEF    |    OFF
1.  	MANCHESTER CITY       |    96.699     |      89.159       |   11.926  |   4.399   |   0.369   |   3.246
2.  	BAYERN MUNCHEN        |    93.110     |      80.263       |   6.830   |   3.627   |   0.531   |   3.852
3.  	LIVERPOOL             |    92.726     |      80.343       |   7.244   |   3.408   |   0.470   |   3.206
4.  	BARCELONA             |    91.758     |      78.377       |   6.522   |   3.320   |   0.509   |   3.379
5.  	REAL MADRID           |    89.866     |      76.362       |   6.419   |   2.918   |   0.455   |   2.653
6.  	PSG                   |    89.415     |      73.809       |   5.227   |   3.163   |   0.605   |   3.829
7.  	CHELSEA               |    88.828     |      73.995       |   5.564   |   2.930   |   0.527   |   3.087
8.  	MANCHESTER UNITED     |    88.285     |      73.984       |   5.822   |   2.760   |   0.474   |   2.617
9.  	ATL MADRID            |    87.080     |      72.837       |   5.760   |   2.573   |   0.447   |   2.299
10.  	LEIPZIG               |    85.356     |      69.005       |   4.615   |   2.629   |   0.570   |   2.995
11.  	ATALANTA              |    83.947     |      67.030       |   4.286   |   2.535   |   0.592   |   3.000
12.  	SEVILLA               |    82.809     |      66.948       |   4.545   |   2.281   |   0.502   |   2.290
13.  	VILLARREAL            |    82.890     |      65.718       |   4.104   |   2.453   |   0.598   |   2.933
14.  	INTER                 |    83.033     |      65.415       |   3.988   |   2.527   |   0.634   |   3.202
15.  	DORTMUND              |    82.634     |      65.004       |   3.947   |   2.486   |   0.630   |   3.132
16.  	WOLVERHAMPTON         |    80.412     |      64.595       |   4.290   |   2.062   |   0.481   |   1.983
17.  	MONCHENGLADBACH       |    81.308     |      63.460       |   3.762   |   2.383   |   0.633   |   3.018
18.  	JUVENTUS              |    80.999     |      62.755       |   3.634   |   2.404   |   0.662   |   3.181
19.  	MILAN                 |    81.094     |      62.463       |   3.553   |   2.463   |   0.693   |   3.416
20.  	LEICESTER             |    80.184     |      62.827       |   3.781   |   2.221   |   0.588   |   2.610
21.  	PORTO                 |    79.256     |      61.848       |   3.673   |   2.151   |   0.586   |   2.520
22.  	SOUTHAMPTON           |    78.743     |      61.139       |   3.571   |   2.134   |   0.598   |   2.551
23.  	BAYER LEVERKUSEN      |    78.302     |      59.726       |   3.308   |   2.217   |   0.670   |   2.972
24.  	ARSENAL               |    77.842     |      59.616       |   3.338   |   2.140   |   0.641   |   2.743
25.  	REAL SOCIEDAD         |    77.449     |      59.643       |   3.393   |   2.062   |   0.608   |   2.507
26.  	NAPOLI                |    77.136     |      58.757       |   3.239   |   2.107   |   0.651   |   2.741
27.  	EVERTON               |    76.638     |      58.865       |   3.320   |   2.003   |   0.603   |   2.416
28.  	ROMA                  |    76.856     |      57.509       |   3.030   |   2.204   |   0.727   |   3.207
29.  	WOLFSBURG             |    76.305     |      57.787       |   3.133   |   2.066   |   0.659   |   2.725
30.  	EINTRACHT FRANKFURT   |    75.467     |      55.997       |   2.889   |   2.124   |   0.735   |   3.125
31.  	GRANADA               |    74.618     |      56.362       |   3.024   |   1.929   |   0.638   |   2.461
32.  	TOTTENHAM             |    74.615     |      56.098       |   2.976   |   1.959   |   0.658   |   2.578
33.  	OSASUNA               |    73.957     |      55.615       |   2.946   |   1.900   |   0.645   |   2.451
34.  	BENFICA               |    73.838     |      54.734       |   2.806   |   1.980   |   0.706   |   2.794
35.  	LYON                  |    73.023     |      54.757       |   2.873   |   1.840   |   0.640   |   2.356
36.  	GETAFE                |    72.146     |      55.187       |   3.035   |   1.658   |   0.546   |   1.811
37.  	BURNLEY               |    71.931     |      53.777       |   2.790   |   1.770   |   0.634   |   2.246
38.  	BETIS                 |    71.192     |      51.913       |   2.555   |   1.858   |   0.727   |   2.702
39.  	LAZIO                 |    71.319     |      51.600       |   2.507   |   1.915   |   0.764   |   2.926
40.  	WEST HAM              |    71.218     |      51.513       |   2.500   |   1.908   |   0.763   |   2.914
41.  	LEEDS                 |    70.502     |      51.634       |   2.553   |   1.778   |   0.696   |   2.476
42.  	LEGANES               |    69.591     |      51.831       |   2.638   |   1.619   |   0.614   |   1.988
43.  	CELTA                 |    70.065     |      51.109       |   2.504   |   1.767   |   0.706   |   2.494
44.  	SHEFFIELD UNITED      |    69.574     |      51.275       |   2.554   |   1.674   |   0.655   |   2.194
45.  	HOFFENHEIM            |    70.811     |      50.360       |   2.378   |   1.978   |   0.832   |   3.290
46.  	MARSEILLE             |    69.740     |      50.841       |   2.485   |   1.746   |   0.703   |   2.454
47.  	FLAMENGO              |    68.816     |      50.052       |   2.425   |   1.691   |   0.697   |   2.358
48.  	LEVANTE               |    68.877     |      49.256       |   2.325   |   1.789   |   0.769   |   2.753
49.  	BRIGHTON              |    68.382     |      49.317       |   2.352   |   1.705   |   0.725   |   2.473
50.  	EIBAR                 |    68.012     |      49.402       |   2.378   |   1.641   |   0.690   |   2.264
51.  	HERTHA BERLIN         |    68.698     |      48.762       |   2.276   |   1.818   |   0.799   |   2.904
52.  	MONACO                |    68.931     |      48.534       |   2.244   |   1.883   |   0.839   |   3.160
53.  	ATL BILBAO            |    67.860     |      49.194       |   2.359   |   1.641   |   0.696   |   2.282
54.  	RENNES                |    67.063     |      48.577       |   2.315   |   1.590   |   0.687   |   2.184
55.  	FIORENTINA            |    67.443     |      48.209       |   2.258   |   1.686   |   0.747   |   2.517
56.  	GREMIO                |    66.661     |      48.511       |   2.324   |   1.540   |   0.663   |   2.041
57.  	SASSUOLO              |    67.619     |      46.798       |   2.110   |   1.879   |   0.891   |   3.349
58.  	PALMEIRAS             |    65.961     |      47.751       |   2.259   |   1.520   |   0.673   |   2.047
59.  	LILLE                 |    66.029     |      47.026       |   2.174   |   1.606   |   0.739   |   2.374
60.  	FREIBURG              |    66.529     |      46.216       |   2.080   |   1.775   |   0.853   |   3.027
61.  	KOLN                  |    66.232     |      45.500       |   2.023   |   1.814   |   0.897   |   3.255
62.  	MALLORCA              |    65.614     |      45.503       |   2.035   |   1.717   |   0.844   |   2.897
63.  	BOLOGNA               |    64.749     |      44.713       |   1.982   |   1.678   |   0.847   |   2.842
64.  	VALENCIA              |    64.448     |      44.871       |   2.001   |   1.615   |   0.807   |   2.607
65.  	ASTON VILLA           |    63.969     |      45.010       |   2.024   |   1.531   |   0.756   |   2.316
66.  	MAINZ                 |    64.655     |      44.284       |   1.948   |   1.715   |   0.881   |   3.020
67.  	ATLETICO-MG           |    63.679     |      44.711       |   2.002   |   1.523   |   0.761   |   2.316
68.  	SPORTING              |    63.093     |      44.431       |   1.988   |   1.472   |   0.740   |   2.179
69.  	ESPANYOL              |    62.802     |      44.476       |   1.998   |   1.428   |   0.715   |   2.041
70.  	SAMPDORIA             |    63.817     |      43.723       |   1.914   |   1.654   |   0.864   |   2.860
71.  	CRYSTAL PALACE        |    62.817     |      44.071       |   1.960   |   1.472   |   0.751   |   2.212
72.  	VALLADOLID            |    62.244     |      43.940       |   1.959   |   1.409   |   0.719   |   2.028
73.  	INTERNACIONAL         |    61.910     |      43.457       |   1.921   |   1.415   |   0.737   |   2.085
74.  	REIMS                 |    62.085     |      43.085       |   1.886   |   1.478   |   0.784   |   2.317
75.  	WEST BROM             |    61.985     |      42.842       |   1.867   |   1.491   |   0.798   |   2.381
76.  	AUGSBURG              |    62.395     |      42.319       |   1.823   |   1.609   |   0.883   |   2.842
77.  	HELLAS VERONA         |    62.298     |      42.176       |   1.813   |   1.612   |   0.889   |   2.867
78.  	BRAGA                 |    62.284     |      42.148       |   1.811   |   1.613   |   0.891   |   2.874
79.  	MONTPELLIER           |    61.667     |      42.364       |   1.833   |   1.500   |   0.818   |   2.454
80.  	UNION BERLIN          |    61.824     |      41.904       |   1.797   |   1.575   |   0.876   |   2.759
81.  	WERDER BREMEN         |    61.710     |      41.561       |   1.774   |   1.599   |   0.901   |   2.882
82.  	NEWCASTLE             |    61.254     |      41.783       |   1.793   |   1.508   |   0.841   |   2.535
83.  	ST ETIENNE            |    60.845     |      41.754       |   1.795   |   1.454   |   0.810   |   2.356
84.  	UDINESE               |    60.276     |      41.279       |   1.764   |   1.429   |   0.810   |   2.315
85.  	ANGERS                |    59.681     |      41.167       |   1.761   |   1.362   |   0.774   |   2.108
86.  	BORDEAUX              |    59.477     |      41.264       |   1.770   |   1.326   |   0.749   |   1.987
87.  	NICE                  |    59.859     |      40.177       |   1.691   |   1.496   |   0.885   |   2.648
88.  	STUTTGART             |    60.022     |      39.484       |   1.648   |   1.604   |   0.973   |   3.122
89.  	ALAVES                |    58.815     |      40.060       |   1.687   |   1.367   |   0.811   |   2.217
90.  	VITORIA DE GUIMARAES  |    58.977     |      39.924       |   1.677   |   1.404   |   0.837   |   2.351
91.  	NANTES                |    58.573     |      40.159       |   1.695   |   1.325   |   0.782   |   2.073
92.  	NIMES                 |    59.039     |      39.419       |   1.645   |   1.470   |   0.894   |   2.628
93.  	PARMA                 |    59.578     |      38.797       |   1.609   |   1.625   |   1.010   |   3.282
94.  	SAO PAULO             |    57.649     |      39.570       |   1.658   |   1.270   |   0.766   |   1.946
95.  	STRASBOURG            |    58.016     |      38.470       |   1.589   |   1.439   |   0.906   |   2.608
96.  	SCHALKE 04            |    57.970     |      38.241       |   1.576   |   1.460   |   0.927   |   2.706
97.  	FULHAM                |    57.154     |      38.298       |   1.578   |   1.343   |   0.851   |   2.286
98.  	LORIENT               |    57.517     |      37.609       |   1.540   |   1.473   |   0.956   |   2.816
99.  	ARMINIA               |    56.771     |      37.295       |   1.521   |   1.407   |   0.925   |   2.602
100.  	RIO AVE               |    56.737     |      37.164       |   1.514   |   1.418   |   0.936   |   2.655
101.  	GENOA                 |    56.886     |      36.725       |   1.493   |   1.493   |   1.000   |   2.985
102.  	TORINO                |    56.485     |      36.458       |   1.478   |   1.469   |   0.994   |   2.920
103.  	LENS                  |    54.946     |      36.299       |   1.460   |   1.279   |   0.876   |   2.241
104.  	DIJON                 |    54.809     |      36.047       |   1.447   |   1.290   |   0.891   |   2.300
105.  	CORINTHIANS           |    54.080     |      35.204       |   1.402   |   1.292   |   0.922   |   2.381
106.  	CAGLIARI              |    54.115     |      35.036       |   1.395   |   1.316   |   0.944   |   2.484
107.  	METZ                  |    53.571     |      34.982       |   1.387   |   1.252   |   0.902   |   2.258
108.  	ATHLETICO-PR          |    52.642     |      34.727       |   1.367   |   1.164   |   0.851   |   1.981
109.  	FLUMINENSE            |    52.075     |      34.010       |   1.330   |   1.172   |   0.882   |   2.067
110.  	SANTOS                |    50.318     |      32.007       |   1.232   |   1.182   |   0.959   |   2.266
111.  	VASCO                 |    49.987     |      32.026       |   1.227   |   1.138   |   0.927   |   2.109
112.  	BRAGANTINO            |    49.761     |      31.131       |   1.196   |   1.216   |   1.017   |   2.473
113.  	BREST                 |    49.286     |      30.452       |   1.169   |   1.240   |   1.060   |   2.628
114.  	BRESCIA               |    49.556     |      29.746       |   1.157   |   1.374   |   1.188   |   3.265
115.  	SANTA CLARA           |    48.676     |      30.275       |   1.154   |   1.181   |   1.024   |   2.419
116.  	PORTIMONENSE          |    46.913     |      28.961       |   1.087   |   1.118   |   1.028   |   2.298
117.  	LECCE                 |    48.076     |      27.992       |   1.093   |   1.418   |   1.298   |   3.679
118.  	BAHIA                 |    46.662     |      28.832       |   1.079   |   1.102   |   1.021   |   2.250
119.  	SPAL                  |    46.238     |      27.464       |   1.045   |   1.228   |   1.175   |   2.886
120.  	FORTALEZA             |    45.369     |      27.971       |   1.033   |   1.046   |   1.012   |   2.116
121.  	CEARA                 |    45.325     |      27.783       |   1.029   |   1.063   |   1.033   |   2.198
122.  	GIL VICENTE           |    45.510     |      27.585       |   1.030   |   1.113   |   1.080   |   2.404
123.  	FAMALICAO             |    45.228     |      26.978       |   1.014   |   1.157   |   1.141   |   2.641
124.  	MARITIMO              |    44.232     |      27.123       |   0.992   |   1.009   |   1.017   |   2.053
125.  	BOAVISTA              |    43.097     |      26.179       |   0.950   |   0.986   |   1.038   |   2.047
126.  	PACOS DE FERREIRA     |    43.812     |      25.698       |   0.964   |   1.145   |   1.188   |   2.720
127.  	MOREIRENSE            |    43.181     |      25.854       |   0.949   |   1.039   |   1.095   |   2.274
128.  	BOTAFOGO              |    42.830     |      25.874       |   0.940   |   0.992   |   1.055   |   2.093
129.  	GOIAS                 |    42.507     |      25.134       |   0.924   |   1.048   |   1.134   |   2.378
130.  	TONDELA               |    41.255     |      23.946       |   0.882   |   1.049   |   1.190   |   2.497
131.  	ATLETICO-GO           |    40.186     |      23.642       |   0.849   |   0.951   |   1.120   |   2.132
132.  	SPORT                 |    38.951     |      22.699       |   0.810   |   0.923   |   1.140   |   2.103
133.  	CORITIBA              |    38.885     |      22.633       |   0.808   |   0.923   |   1.143   |   2.111
134.  	BELENENSES            |    37.298     |      21.267       |   0.760   |   0.912   |   1.201   |   2.190
135.  	VITORIA DE SETUBAL    |    35.247     |      19.959       |   0.698   |   0.836   |   1.197   |   2.002
136.  	DESPORTIVO AVES       |    28.049     |      14.530       |   0.520   |   0.747   |   1.437   |   2.146

============================================================================================================================

#           Club              |  SPI Default  |  SPI Round-Robin  |   Power   |    ATK    |    DEF    |    OFF
1.  	FLAMENGO              |    68.816     |      62.036       |   2.425   |   1.691   |   0.697   |   2.358
2.  	GREMIO                |    66.661     |      60.086       |   2.324   |   1.540   |   0.663   |   2.041
3.  	PALMEIRAS             |    65.961     |      59.353       |   2.259   |   1.520   |   0.673   |   2.047
4.  	ATLETICO-MG           |    63.679     |      56.734       |   2.002   |   1.523   |   0.761   |   2.316
5.  	INTERNACIONAL         |    61.910     |      55.143       |   1.921   |   1.415   |   0.737   |   2.085
6.  	SAO PAULO             |    57.649     |      50.962       |   1.658   |   1.270   |   0.766   |   1.946
7.  	CORINTHIANS           |    54.080     |      46.980       |   1.402   |   1.292   |   0.922   |   2.381
8.  	ATHLETICO-PR          |    52.642     |      45.926       |   1.367   |   1.164   |   0.851   |   1.981
9.  	FLUMINENSE            |    52.075     |      45.281       |   1.330   |   1.172   |   0.882   |   2.067
10.  	SANTOS                |    50.318     |      43.371       |   1.232   |   1.182   |   0.959   |   2.266
11.  	VASCO                 |    49.987     |      43.187       |   1.227   |   1.138   |   0.927   |   2.109
12.  	BRAGANTINO            |    49.761     |      42.655       |   1.196   |   1.216   |   1.017   |   2.473
13.  	BAHIA                 |    46.662     |      39.827       |   1.079   |   1.102   |   1.021   |   2.250
14.  	FORTALEZA             |    45.369     |      38.692       |   1.033   |   1.046   |   1.012   |   2.116
15.  	CEARA                 |    45.325     |      38.580       |   1.029   |   1.063   |   1.033   |   2.198
16.  	BOTAFOGO              |    42.830     |      36.275       |   0.940   |   0.992   |   1.055   |   2.093
17.  	GOIAS                 |    42.507     |      35.742       |   0.924   |   1.048   |   1.134   |   2.378
18.  	ATLETICO-GO           |    40.186     |      33.729       |   0.849   |   0.951   |   1.120   |   2.132
19.  	SPORT                 |    38.951     |      32.587       |   0.810   |   0.923   |   1.140   |   2.103
20.  	CORITIBA              |    38.885     |      32.518       |   0.808   |   0.923   |   1.143   |   2.111

============================================================================================================================

#           Club              |  SPI Default  |  SPI Round-Robin  |   Power   |    ATK    |    DEF    |    OFF
1.  	MANCHESTER CITY       |    96.699     |      81.803       |   11.926  |   4.399   |   0.369   |   3.246
2.  	LIVERPOOL             |    92.726     |      69.777       |   7.244   |   3.408   |   0.470   |   3.206
3.  	MANCHESTER UNITED     |    88.285     |      62.598       |   5.822   |   2.760   |   0.474   |   2.617
4.  	CHELSEA               |    88.828     |      62.207       |   5.564   |   2.930   |   0.527   |   3.087
5.  	WOLVERHAMPTON         |    80.412     |      52.954       |   4.290   |   2.062   |   0.481   |   1.983
6.  	LEICESTER             |    80.184     |      50.346       |   3.781   |   2.221   |   0.588   |   2.610
7.  	SOUTHAMPTON           |    78.743     |      48.651       |   3.571   |   2.134   |   0.598   |   2.551
8.  	ARSENAL               |    77.842     |      46.881       |   3.338   |   2.140   |   0.641   |   2.743
9.  	EVERTON               |    76.638     |      46.471       |   3.320   |   2.003   |   0.603   |   2.416
10.  	TOTTENHAM             |    74.615     |      43.503       |   2.976   |   1.959   |   0.658   |   2.578
11.  	BURNLEY               |    71.931     |      41.596       |   2.790   |   1.770   |   0.634   |   2.246
12.  	LEEDS                 |    70.502     |      39.238       |   2.553   |   1.778   |   0.696   |   2.476
13.  	WEST HAM              |    71.218     |      38.664       |   2.500   |   1.908   |   0.763   |   2.914
14.  	SHEFFIELD UNITED      |    69.574     |      39.229       |   2.554   |   1.674   |   0.655   |   2.194
15.  	BRIGHTON              |    68.382     |      37.024       |   2.352   |   1.705   |   0.725   |   2.473
16.  	ASTON VILLA           |    63.969     |      33.174       |   2.024   |   1.531   |   0.756   |   2.316
17.  	CRYSTAL PALACE        |    62.817     |      32.433       |   1.960   |   1.472   |   0.751   |   2.212
18.  	WEST BROM             |    61.985     |      31.117       |   1.867   |   1.491   |   0.798   |   2.381
19.  	NEWCASTLE             |    61.254     |      29.995       |   1.793   |   1.508   |   0.841   |   2.535
20.  	FULHAM                |    57.154     |      27.164       |   1.578   |   1.343   |   0.851   |   2.286

============================================================================================================================

#           Club              |  SPI Default  |  SPI Round-Robin  |   Power   |    ATK    |    DEF    |    OFF
1.  	BAYERN MUNCHEN        |    93.110     |      77.555       |   6.830   |   3.627   |   0.531   |   3.852
2.  	LEIPZIG               |    85.356     |      64.942       |   4.615   |   2.629   |   0.570   |   2.995
3.  	DORTMUND              |    82.634     |      60.425       |   3.947   |   2.486   |   0.630   |   3.132
4.  	MONCHENGLADBACH       |    81.308     |      58.764       |   3.762   |   2.383   |   0.633   |   3.018
5.  	BAYER LEVERKUSEN      |    78.302     |      54.684       |   3.308   |   2.217   |   0.670   |   2.972
6.  	WOLFSBURG             |    76.305     |      52.697       |   3.133   |   2.066   |   0.659   |   2.725
7.  	EINTRACHT FRANKFURT   |    75.467     |      50.554       |   2.889   |   2.124   |   0.735   |   3.125
8.  	HOFFENHEIM            |    70.811     |      44.430       |   2.378   |   1.978   |   0.832   |   3.290
9.  	HERTHA BERLIN         |    68.698     |      42.937       |   2.276   |   1.818   |   0.799   |   2.904
10.  	FREIBURG              |    66.529     |      40.195       |   2.080   |   1.775   |   0.853   |   3.027
11.  	KOLN                  |    66.232     |      39.330       |   2.023   |   1.814   |   0.897   |   3.255
12.  	MAINZ                 |    64.655     |      38.187       |   1.948   |   1.715   |   0.881   |   3.020
13.  	AUGSBURG              |    62.395     |      36.254       |   1.823   |   1.609   |   0.883   |   2.842
14.  	UNION BERLIN          |    61.824     |      35.875       |   1.797   |   1.575   |   0.876   |   2.759
15.  	WERDER BREMEN         |    61.710     |      35.452       |   1.774   |   1.599   |   0.901   |   2.882
16.  	STUTTGART             |    60.022     |      33.202       |   1.648   |   1.604   |   0.973   |   3.122
17.  	SCHALKE 04            |    57.970     |      32.170       |   1.576   |   1.460   |   0.927   |   2.706
18.  	ARMINIA               |    56.771     |      31.278       |   1.521   |   1.407   |   0.925   |   2.602

============================================================================================================================

#           Club              |  SPI Default  |  SPI Round-Robin  |   Power   |    ATK    |    DEF    |    OFF
1.  	PORTO                 |    79.256     |      75.361       |   3.673   |   2.151   |   0.586   |   2.520
2.  	BENFICA               |    73.838     |      69.459       |   2.806   |   1.980   |   0.706   |   2.794
3.  	SPORTING              |    63.093     |      58.810       |   1.988   |   1.472   |   0.740   |   2.179
4.  	BRAGA                 |    62.284     |      57.522       |   1.811   |   1.613   |   0.891   |   2.874
5.  	VITORIA DE GUIMARAES  |    58.977     |      54.507       |   1.677   |   1.404   |   0.837   |   2.351
6.  	RIO AVE               |    56.737     |      52.065       |   1.514   |   1.418   |   0.936   |   2.655
7.  	SANTA CLARA           |    48.676     |      44.186       |   1.154   |   1.181   |   1.024   |   2.419
8.  	PORTIMONENSE          |    46.913     |      42.513       |   1.087   |   1.118   |   1.028   |   2.298
9.  	GIL VICENTE           |    45.510     |      41.085       |   1.030   |   1.113   |   1.080   |   2.404
10.  	FAMALICAO             |    45.228     |      40.704       |   1.014   |   1.157   |   1.141   |   2.641
11.  	MARITIMO              |    44.232     |      40.007       |   0.992   |   1.009   |   1.017   |   2.053
12.  	PACOS DE FERREIRA     |    43.812     |      39.297       |   0.964   |   1.145   |   1.188   |   2.720
13.  	MOREIRENSE            |    43.181     |      38.870       |   0.949   |   1.039   |   1.095   |   2.274
14.  	BOAVISTA              |    43.097     |      38.899       |   0.950   |   0.986   |   1.038   |   2.047
15.  	TONDELA               |    41.255     |      36.909       |   0.882   |   1.049   |   1.190   |   2.497
16.  	BELENENSES            |    37.298     |      33.211       |   0.760   |   0.912   |   1.201   |   2.190
17.  	VITORIA DE SETUBAL    |    35.247     |      31.312       |   0.698   |   0.836   |   1.197   |   2.002
18.  	DESPORTIVO AVES       |    28.049     |      24.457       |   0.520   |   0.747   |   1.437   |   2.146

============================================================================================================================

#           Club              |  SPI Default  |  SPI Round-Robin  |   Power   |    ATK    |    DEF    |    OFF
1.  	BARCELONA             |    91.758     |      69.575       |   6.522   |   3.320   |   0.509   |   3.379
2.  	REAL MADRID           |    89.866     |      67.553       |   6.419   |   2.918   |   0.455   |   2.653
3.  	ATL MADRID            |    87.080     |      63.736       |   5.760   |   2.573   |   0.447   |   2.299
4.  	SEVILLA               |    82.809     |      57.210       |   4.545   |   2.281   |   0.502   |   2.290
5.  	VILLARREAL            |    82.890     |      55.335       |   4.104   |   2.453   |   0.598   |   2.933
6.  	REAL SOCIEDAD         |    77.449     |      49.243       |   3.393   |   2.062   |   0.608   |   2.507
7.  	GRANADA               |    74.618     |      45.914       |   3.024   |   1.929   |   0.638   |   2.461
8.  	OSASUNA               |    73.957     |      45.165       |   2.946   |   1.900   |   0.645   |   2.451
9.  	GETAFE                |    72.146     |      45.461       |   3.035   |   1.658   |   0.546   |   1.811
10.  	BETIS                 |    71.192     |      41.211       |   2.555   |   1.858   |   0.727   |   2.702
11.  	LEGANES               |    69.591     |      41.894       |   2.638   |   1.619   |   0.614   |   1.988
12.  	CELTA                 |    70.065     |      40.618       |   2.504   |   1.767   |   0.706   |   2.494
13.  	EIBAR                 |    68.012     |      39.188       |   2.378   |   1.641   |   0.690   |   2.264
14.  	LEVANTE               |    68.877     |      38.550       |   2.325   |   1.789   |   0.769   |   2.753
15.  	ATL BILBAO            |    67.860     |      38.965       |   2.359   |   1.641   |   0.696   |   2.282
16.  	MALLORCA              |    65.614     |      34.802       |   2.035   |   1.717   |   0.844   |   2.897
17.  	VALENCIA              |    64.448     |      34.472       |   2.001   |   1.615   |   0.807   |   2.607
18.  	ESPANYOL              |    62.802     |      34.710       |   1.998   |   1.428   |   0.715   |   2.041
19.  	VALLADOLID            |    62.244     |      34.218       |   1.959   |   1.409   |   0.719   |   2.028
20.  	ALAVES                |    58.815     |      30.376       |   1.687   |   1.367   |   0.811   |   2.217

============================================================================================================================

#           Club              |  SPI Default  |  SPI Round-Robin  |   Power   |    ATK    |    DEF    |    OFF
1.  	ATALANTA              |    83.947     |      68.111       |   4.286   |   2.535   |   0.592   |   3.000
2.  	INTER                 |    83.033     |      66.409       |   3.988   |   2.527   |   0.634   |   3.202
3.  	JUVENTUS              |    80.999     |      63.607       |   3.634   |   2.404   |   0.662   |   3.181
4.  	MILAN                 |    81.094     |      63.289       |   3.553   |   2.463   |   0.693   |   3.416
5.  	NAPOLI                |    77.136     |      59.404       |   3.239   |   2.107   |   0.651   |   2.741
6.  	ROMA                  |    76.856     |      58.052       |   3.030   |   2.204   |   0.727   |   3.207
7.  	LAZIO                 |    71.319     |      51.794       |   2.507   |   1.915   |   0.764   |   2.926
8.  	FIORENTINA            |    67.443     |      48.227       |   2.258   |   1.686   |   0.747   |   2.517
9.  	SASSUOLO              |    67.619     |      46.643       |   2.110   |   1.879   |   0.891   |   3.349
10.  	BOLOGNA               |    64.749     |      44.473       |   1.982   |   1.678   |   0.847   |   2.842
11.  	SAMPDORIA             |    63.817     |      43.417       |   1.914   |   1.654   |   0.864   |   2.860
12.  	HELLAS VERONA         |    62.298     |      41.771       |   1.813   |   1.612   |   0.889   |   2.867
13.  	UDINESE               |    60.276     |      40.887       |   1.764   |   1.429   |   0.810   |   2.315
14.  	PARMA                 |    59.578     |      38.133       |   1.609   |   1.625   |   1.010   |   3.282
15.  	GENOA                 |    56.886     |      35.967       |   1.493   |   1.493   |   1.000   |   2.985
16.  	TORINO                |    56.485     |      35.692       |   1.478   |   1.469   |   0.994   |   2.920
17.  	CAGLIARI              |    54.115     |      34.244       |   1.395   |   1.316   |   0.944   |   2.484
18.  	BRESCIA               |    49.556     |      28.563       |   1.157   |   1.374   |   1.188   |   3.265
19.  	LECCE                 |    48.076     |      26.676       |   1.093   |   1.418   |   1.298   |   3.679
20.  	SPAL                  |    46.238     |      26.216       |   1.045   |   1.228   |   1.175   |   2.886

============================================================================================================================

#           Club              |  SPI Default  |  SPI Round-Robin  |   Power   |    ATK    |    DEF    |    OFF
1.  	PSG                   |    89.415     |      76.933       |   5.227   |   3.163   |   0.605   |   3.829
2.  	LYON                  |    73.023     |      57.126       |   2.873   |   1.840   |   0.640   |   2.356
3.  	MARSEILLE             |    69.740     |      53.118       |   2.485   |   1.746   |   0.703   |   2.454
4.  	MONACO                |    68.931     |      50.891       |   2.244   |   1.883   |   0.839   |   3.160
5.  	RENNES                |    67.063     |      50.702       |   2.315   |   1.590   |   0.687   |   2.184
6.  	LILLE                 |    66.029     |      49.146       |   2.174   |   1.606   |   0.739   |   2.374
7.  	REIMS                 |    62.085     |      45.036       |   1.886   |   1.478   |   0.784   |   2.317
8.  	MONTPELLIER           |    61.667     |      44.311       |   1.833   |   1.500   |   0.818   |   2.454
9.  	ST ETIENNE            |    60.845     |      43.657       |   1.795   |   1.454   |   0.810   |   2.356
10.  	ANGERS                |    59.681     |      42.997       |   1.761   |   1.362   |   0.774   |   2.108
11.  	BORDEAUX              |    59.477     |      43.073       |   1.770   |   1.326   |   0.749   |   1.987
12.  	NICE                  |    59.859     |      42.055       |   1.691   |   1.496   |   0.885   |   2.648
13.  	NANTES                |    58.573     |      41.941       |   1.695   |   1.325   |   0.782   |   2.073
14.  	NIMES                 |    59.039     |      41.257       |   1.645   |   1.470   |   0.894   |   2.628
15.  	STRASBOURG            |    58.016     |      40.259       |   1.589   |   1.439   |   0.906   |   2.608
16.  	LORIENT               |    57.517     |      39.378       |   1.540   |   1.473   |   0.956   |   2.816
17.  	LENS                  |    54.946     |      37.936       |   1.460   |   1.279   |   0.876   |   2.241
18.  	DIJON                 |    54.809     |      37.679       |   1.447   |   1.290   |   0.891   |   2.300
19.  	METZ                  |    53.571     |      36.557       |   1.387   |   1.252   |   0.902   |   2.258
20.  	BREST                 |    49.286     |      31.809       |   1.169   |   1.240   |   1.060   |   2.628
