#           Club              |  SPI Default  |  SPI Round-Robin  |   Power   |    ATK    |    DEF    |    OFF
1.  	MANCHESTER CITY       |    92.678     |      81.809       |   8.274   |   3.204   |   0.387   |   2.481
2.  	BAYERN MUNCHEN        |    93.005     |      80.574       |   6.736   |   3.620   |   0.537   |   3.890
3.  	BARCELONA             |    91.935     |      78.671       |   6.225   |   3.450   |   0.554   |   3.824
4.  	LIVERPOOL             |    91.660     |      78.510       |   6.308   |   3.352   |   0.531   |   3.562
5.  	REAL MADRID           |    88.427     |      74.478       |   5.726   |   2.810   |   0.491   |   2.758
6.  	ATL MADRID            |    87.835     |      74.680       |   6.190   |   2.602   |   0.420   |   2.188
7.  	CHELSEA               |    87.091     |      72.015       |   5.059   |   2.766   |   0.547   |   3.025
8.  	PSG                   |    86.573     |      71.064       |   4.832   |   2.753   |   0.570   |   3.137
9.  	MANCHESTER UNITED     |    85.735     |      69.587       |   4.519   |   2.728   |   0.604   |   3.294
10.  	DORTMUND              |    85.343     |      69.459       |   4.582   |   2.639   |   0.576   |   3.040
11.  	LEIPZIG               |    84.648     |      69.672       |   4.886   |   2.432   |   0.498   |   2.420
12.  	REAL SOCIEDAD         |    82.147     |      66.232       |   4.263   |   2.288   |   0.537   |   2.455
13.  	INTER                 |    82.159     |      64.165       |   3.664   |   2.561   |   0.699   |   3.580
14.  	JUVENTUS              |    81.450     |      64.229       |   3.796   |   2.386   |   0.629   |   3.000
15.  	VILLARREAL            |    80.785     |      64.276       |   3.932   |   2.235   |   0.568   |   2.541
16.  	TOTTENHAM             |    80.828     |      64.162       |   3.890   |   2.258   |   0.580   |   2.622
17.  	MILAN                 |    81.416     |      63.114       |   3.528   |   2.527   |   0.716   |   3.619
18.  	NAPOLI                |    80.195     |      63.738       |   3.887   |   2.178   |   0.560   |   2.440
19.  	BAYER LEVERKUSEN      |    80.369     |      63.450       |   3.773   |   2.249   |   0.596   |   2.681
20.  	SEVILLA               |    79.597     |      63.887       |   4.058   |   2.042   |   0.503   |   2.055
21.  	ATALANTA              |    80.503     |      62.342       |   3.480   |   2.420   |   0.695   |   3.365
22.  	LYON                  |    79.573     |      62.619       |   3.685   |   2.186   |   0.593   |   2.593
23.  	ASTON VILLA           |    79.577     |      62.197       |   3.577   |   2.238   |   0.626   |   2.802
24.  	LEICESTER             |    79.407     |      61.935       |   3.538   |   2.236   |   0.632   |   2.825
25.  	SOUTHAMPTON           |    77.737     |      60.327       |   3.392   |   2.098   |   0.618   |   2.595
26.  	ARSENAL               |    77.110     |      59.976       |   3.395   |   2.021   |   0.595   |   2.406
27.  	ROMA                  |    77.799     |      58.770       |   3.071   |   2.304   |   0.750   |   3.457
28.  	EVERTON               |    76.543     |      58.424       |   3.130   |   2.098   |   0.670   |   2.812
29.  	WEST HAM              |    75.984     |      57.628       |   3.035   |   2.088   |   0.688   |   2.873
30.  	MONCHENGLADBACH       |    75.873     |      56.778       |   2.897   |   2.172   |   0.750   |   3.256
31.  	BENFICA               |    74.655     |      56.163       |   2.893   |   2.019   |   0.698   |   2.817
32.  	CELTA                 |    74.362     |      55.885       |   2.870   |   1.999   |   0.696   |   2.784
33.  	WOLFSBURG             |    74.164     |      55.935       |   2.895   |   1.958   |   0.676   |   2.647
34.  	LILLE                 |    73.110     |      55.560       |   2.920   |   1.820   |   0.623   |   2.270
35.  	PORTO                 |    73.454     |      54.816       |   2.765   |   1.964   |   0.710   |   2.790
36.  	WOLVERHAMPTON         |    72.512     |      55.495       |   2.964   |   1.731   |   0.584   |   2.022
37.  	EINTRACHT FRANKFURT   |    73.705     |      54.297       |   2.670   |   2.072   |   0.776   |   3.216
38.  	BRIGHTON              |    72.781     |      54.536       |   2.769   |   1.880   |   0.679   |   2.554
39.  	LEEDS                 |    73.554     |      53.578       |   2.581   |   2.135   |   0.827   |   3.531
40.  	ATL BILBAO            |    71.825     |      54.296       |   2.804   |   1.750   |   0.624   |   2.186
41.  	MONACO                |    72.625     |      52.826       |   2.532   |   2.058   |   0.813   |   3.345
42.  	UNION BERLIN          |    70.544     |      51.631       |   2.483   |   1.842   |   0.742   |   2.732
43.  	HOFFENHEIM            |    70.995     |      50.973       |   2.381   |   1.998   |   0.839   |   3.354
44.  	LAZIO                 |    70.339     |      50.859       |   2.396   |   1.899   |   0.793   |   3.010
45.  	BETIS                 |    69.950     |      50.985       |   2.429   |   1.819   |   0.749   |   2.726
46.  	HERTHA BERLIN         |    70.003     |      50.868       |   2.412   |   1.842   |   0.764   |   2.813
47.  	MARSEILLE             |    69.109     |      50.834       |   2.451   |   1.703   |   0.695   |   2.366
48.  	GETAFE                |    67.839     |      51.400       |   2.614   |   1.461   |   0.559   |   1.634
49.  	STUTTGART             |    69.796     |      49.796       |   2.295   |   1.936   |   0.844   |   3.267
50.  	FLAMENGO              |    69.710     |      49.803       |   2.299   |   1.921   |   0.835   |   3.209
51.  	RENNES                |    68.044     |      50.020       |   2.396   |   1.630   |   0.680   |   2.219
52.  	SPORTING              |    67.962     |      49.366       |   2.317   |   1.689   |   0.729   |   2.464
53.  	LEVANTE               |    68.202     |      49.153       |   2.282   |   1.751   |   0.767   |   2.686
54.  	GRANADA               |    67.912     |      48.851       |   2.259   |   1.740   |   0.770   |   2.680
55.  	VALENCIA              |    67.474     |      48.014       |   2.183   |   1.769   |   0.810   |   2.865
56.  	OSASUNA               |    66.797     |      48.040       |   2.208   |   1.660   |   0.752   |   2.497
57.  	FREIBURG              |    67.057     |      47.281       |   2.122   |   1.790   |   0.843   |   3.019
58.  	SASSUOLO              |    67.184     |      46.900       |   2.083   |   1.857   |   0.892   |   3.313
59.  	EIBAR                 |    65.365     |      48.066       |   2.266   |   1.453   |   0.641   |   1.863
60.  	SAO PAULO             |    65.297     |      46.857       |   2.128   |   1.570   |   0.737   |   2.315
61.  	CRYSTAL PALACE        |    65.674     |      46.390       |   2.071   |   1.678   |   0.810   |   2.720
62.  	ALAVES                |    64.237     |      46.354       |   2.107   |   1.474   |   0.699   |   2.062
63.  	ATLETICO-MG           |    65.033     |      45.405       |   1.995   |   1.696   |   0.850   |   2.883
64.  	BRAGA                 |    64.475     |      45.241       |   1.992   |   1.631   |   0.819   |   2.670
65.  	GREMIO                |    63.633     |      45.361       |   2.022   |   1.495   |   0.740   |   2.212
66.  	FIORENTINA            |    63.957     |      45.088       |   1.989   |   1.571   |   0.790   |   2.484
67.  	FULHAM                |    63.524     |      45.168       |   2.006   |   1.501   |   0.748   |   2.246
68.  	LENS                  |    63.499     |      44.591       |   1.953   |   1.561   |   0.799   |   2.495
69.  	WERDER BREMEN         |    63.446     |      44.338       |   1.932   |   1.582   |   0.819   |   2.591
70.  	NEWCASTLE             |    63.392     |      44.345       |   1.934   |   1.574   |   0.814   |   2.561
71.  	BURNLEY               |    61.924     |      44.040       |   1.934   |   1.402   |   0.725   |   2.032
72.  	HUESCA                |    61.852     |      43.588       |   1.895   |   1.440   |   0.760   |   2.189
73.  	MONTPELLIER           |    62.498     |      42.283       |   1.786   |   1.687   |   0.944   |   3.186
74.  	INTERNACIONAL         |    61.220     |      42.915       |   1.847   |   1.426   |   0.772   |   2.203
75.  	PALMEIRAS             |    60.953     |      42.497       |   1.817   |   1.436   |   0.790   |   2.269
76.  	KOLN                  |    61.379     |      42.061       |   1.780   |   1.546   |   0.868   |   2.684
77.  	SHEFFIELD UNITED      |    60.601     |      42.350       |   1.810   |   1.404   |   0.776   |   2.178
78.  	CADIZ                 |    59.877     |      42.826       |   1.861   |   1.262   |   0.678   |   1.711
79.  	VALLADOLID            |    60.633     |      42.082       |   1.788   |   1.437   |   0.804   |   2.311
80.  	UDINESE               |    60.300     |      42.127       |   1.795   |   1.388   |   0.773   |   2.145
81.  	BOLOGNA               |    61.260     |      41.264       |   1.726   |   1.625   |   0.941   |   3.059
82.  	HELLAS VERONA         |    59.928     |      41.093       |   1.722   |   1.451   |   0.843   |   2.446
83.  	SAMPDORIA             |    60.328     |      40.448       |   1.678   |   1.586   |   0.945   |   2.999
84.  	ST ETIENNE            |    59.123     |      40.825       |   1.709   |   1.372   |   0.803   |   2.202
85.  	AUGSBURG              |    59.085     |      40.273       |   1.671   |   1.428   |   0.855   |   2.441
86.  	BORDEAUX              |    58.479     |      40.682       |   1.703   |   1.302   |   0.765   |   1.993
87.  	ANGERS                |    58.947     |      40.296       |   1.673   |   1.407   |   0.841   |   2.365
88.  	STRASBOURG            |    58.569     |      39.090       |   1.599   |   1.496   |   0.935   |   2.797
89.  	NICE                  |    58.060     |      39.031       |   1.596   |   1.430   |   0.896   |   2.564
90.  	TORINO                |    58.647     |      38.447       |   1.564   |   1.588   |   1.015   |   3.226
91.  	BREST                 |    58.340     |      37.928       |   1.537   |   1.610   |   1.048   |   3.374
92.  	METZ                  |    56.517     |      38.609       |   1.571   |   1.272   |   0.809   |   2.059
93.  	REIMS                 |    57.107     |      37.989       |   1.536   |   1.421   |   0.925   |   2.630
94.  	ELCHE                 |    56.138     |      38.292       |   1.552   |   1.257   |   0.810   |   2.038
95.  	MAINZ                 |    57.006     |      37.410       |   1.506   |   1.479   |   0.982   |   2.904
96.  	CAGLIARI              |    56.867     |      37.117       |   1.491   |   1.496   |   1.003   |   3.000
97.  	BENEVENTO             |    55.659     |      36.757       |   1.467   |   1.369   |   0.933   |   2.555
98.  	WEST BROM             |    54.070     |      35.730       |   1.407   |   1.277   |   0.907   |   2.316
99.  	NANTES                |    54.318     |      35.388       |   1.394   |   1.351   |   0.969   |   2.618
100.  	VITORIA DE GUIMARAES  |    53.376     |      35.575       |   1.395   |   1.204   |   0.864   |   2.080
101.  	PARMA                 |    54.047     |      34.888       |   1.371   |   1.376   |   1.004   |   2.762
102.  	ARMINIA               |    53.355     |      35.261       |   1.380   |   1.237   |   0.897   |   2.219
103.  	BRAGANTINO            |    53.133     |      34.902       |   1.362   |   1.250   |   0.918   |   2.294
104.  	SPEZIA                |    53.494     |      34.431       |   1.347   |   1.357   |   1.007   |   2.733
105.  	FLUMINENSE            |    52.614     |      34.429       |   1.337   |   1.238   |   0.926   |   2.291
106.  	GENOA                 |    52.749     |      33.724       |   1.312   |   1.343   |   1.024   |   2.750
107.  	CEARA                 |    52.084     |      33.496       |   1.295   |   1.280   |   0.988   |   2.531
108.  	ATHLETICO-PR          |    50.834     |      33.515       |   1.279   |   1.117   |   0.873   |   1.949
109.  	SANTOS                |    51.026     |      32.531       |   1.248   |   1.258   |   1.008   |   2.537
110.  	SCHALKE 04            |    50.968     |      32.103       |   1.233   |   1.305   |   1.059   |   2.763
111.  	LORIENT               |    50.681     |      32.027       |   1.226   |   1.276   |   1.040   |   2.653
112.  	CORINTHIANS           |    50.180     |      32.340       |   1.229   |   1.170   |   0.952   |   2.227
113.  	RIO AVE               |    49.379     |      32.276       |   1.214   |   1.077   |   0.887   |   1.911
114.  	PACOS DE FERREIRA     |    49.145     |      31.290       |   1.179   |   1.163   |   0.986   |   2.294
115.  	FORTALEZA             |    47.867     |      31.118       |   1.151   |   1.024   |   0.889   |   1.821
116.  	CROTONE               |    48.289     |      30.417       |   1.140   |   1.160   |   1.017   |   2.359
117.  	DIJON                 |    47.542     |      30.212       |   1.121   |   1.089   |   0.971   |   2.115
118.  	BAHIA                 |    46.521     |      28.030       |   1.054   |   1.240   |   1.176   |   2.918
119.  	FAMALICAO             |    45.342     |      27.669       |   1.022   |   1.127   |   1.103   |   2.486
120.  	NIMES                 |    45.502     |      27.466       |   1.022   |   1.177   |   1.151   |   2.711
121.  	GIL VICENTE           |    44.488     |      27.876       |   1.005   |   0.990   |   0.986   |   1.952
122.  	ATLETICO-GO           |    44.219     |      27.491       |   0.992   |   1.004   |   1.012   |   2.033
123.  	SANTA CLARA           |    43.982     |      26.665       |   0.975   |   1.081   |   1.109   |   2.399
124.  	PORTIMONENSE          |    43.090     |      26.625       |   0.951   |   0.971   |   1.021   |   1.983
125.  	BOAVISTA              |    42.695     |      26.270       |   0.937   |   0.967   |   1.032   |   1.995
126.  	BOTAFOGO              |    42.430     |      25.281       |   0.920   |   1.065   |   1.157   |   2.465
127.  	FARENSE               |    42.055     |      24.979       |   0.908   |   1.057   |   1.164   |   2.462
128.  	MOREIRENSE            |    41.153     |      25.414       |   0.885   |   0.884   |   0.999   |   1.766
129.  	MARITIMO              |    41.476     |      25.083       |   0.892   |   0.966   |   1.083   |   2.092
130.  	VASCO                 |    41.829     |      24.867       |   0.901   |   1.043   |   1.157   |   2.413
131.  	BELENENSES            |    40.131     |      25.169       |   0.852   |   0.794   |   0.932   |   1.479
132.  	GOIAS                 |    39.876     |      23.090       |   0.838   |   1.037   |   1.237   |   2.564
133.  	CORITIBA              |    38.460     |      22.623       |   0.794   |   0.913   |   1.150   |   2.100
134.  	SPORT                 |    37.838     |      22.058       |   0.776   |   0.913   |   1.177   |   2.148
135.  	NACIONAL              |    37.239     |      21.418       |   0.759   |   0.927   |   1.223   |   2.268
136.  	TONDELA               |    36.008     |      20.255       |   0.725   |   0.940   |   1.296   |   2.435

============================================================================================================================

#           Club              |  SPI Default  |  SPI Round-Robin  |   Power   |    ATK    |    DEF    |    OFF
1.  	FLAMENGO              |    69.710     |      63.033       |   2.299   |   1.921   |   0.835   |   3.209
2.  	SAO PAULO             |    65.297     |      59.067       |   2.128   |   1.570   |   0.737   |   2.315
3.  	ATLETICO-MG           |    65.033     |      58.296       |   1.995   |   1.696   |   0.850   |   2.883
4.  	GREMIO                |    63.633     |      57.414       |   2.022   |   1.495   |   0.740   |   2.212
5.  	INTERNACIONAL         |    61.220     |      54.897       |   1.847   |   1.426   |   0.772   |   2.203
6.  	PALMEIRAS             |    60.953     |      54.556       |   1.817   |   1.436   |   0.790   |   2.269
7.  	BRAGANTINO            |    53.133     |      46.503       |   1.362   |   1.250   |   0.918   |   2.294
8.  	FLUMINENSE            |    52.614     |      45.980       |   1.337   |   1.238   |   0.926   |   2.291
9.  	CEARA                 |    52.084     |      45.240       |   1.295   |   1.280   |   0.988   |   2.531
10.  	ATHLETICO-PR          |    50.834     |      44.509       |   1.279   |   1.117   |   0.873   |   1.949
11.  	SANTOS                |    51.026     |      44.172       |   1.248   |   1.258   |   1.008   |   2.537
12.  	CORINTHIANS           |    50.180     |      43.587       |   1.229   |   1.170   |   0.952   |   2.227
13.  	FORTALEZA             |    47.867     |      41.663       |   1.151   |   1.024   |   0.889   |   1.821
14.  	BAHIA                 |    46.521     |      39.425       |   1.054   |   1.240   |   1.176   |   2.918
15.  	ATLETICO-GO           |    44.219     |      37.841       |   0.992   |   1.004   |   1.012   |   2.033
16.  	BOTAFOGO              |    42.430     |      35.749       |   0.920   |   1.065   |   1.157   |   2.465
17.  	VASCO                 |    41.829     |      35.204       |   0.901   |   1.043   |   1.157   |   2.413
18.  	GOIAS                 |    39.876     |      33.219       |   0.838   |   1.037   |   1.237   |   2.564
19.  	CORITIBA              |    38.460     |      32.188       |   0.794   |   0.913   |   1.150   |   2.100
20.  	SPORT                 |    37.838     |      31.556       |   0.776   |   0.913   |   1.177   |   2.148

============================================================================================================================

#           Club              |  SPI Default  |  SPI Round-Robin  |   Power   |    ATK    |    DEF    |    OFF
1.  	MANCHESTER CITY       |    92.678     |      73.083       |   8.274   |   3.204   |   0.387   |   2.481
2.  	LIVERPOOL             |    91.660     |      68.186       |   6.308   |   3.352   |   0.531   |   3.562
3.  	CHELSEA               |    87.091     |      60.748       |   5.059   |   2.766   |   0.547   |   3.025
4.  	MANCHESTER UNITED     |    85.735     |      57.717       |   4.519   |   2.728   |   0.604   |   3.294
5.  	TOTTENHAM             |    80.828     |      52.321       |   3.890   |   2.258   |   0.580   |   2.622
6.  	ASTON VILLA           |    79.577     |      50.009       |   3.577   |   2.238   |   0.626   |   2.802
7.  	LEICESTER             |    79.407     |      49.704       |   3.538   |   2.236   |   0.632   |   2.825
8.  	SOUTHAMPTON           |    77.737     |      48.248       |   3.392   |   2.098   |   0.618   |   2.595
9.  	ARSENAL               |    77.110     |      48.100       |   3.395   |   2.021   |   0.595   |   2.406
10.  	EVERTON               |    76.543     |      46.013       |   3.130   |   2.098   |   0.670   |   2.812
11.  	WEST HAM              |    75.984     |      45.122       |   3.035   |   2.088   |   0.688   |   2.873
12.  	WOLVERHAMPTON         |    72.512     |      43.977       |   2.964   |   1.731   |   0.584   |   2.022
13.  	BRIGHTON              |    72.781     |      42.313       |   2.769   |   1.880   |   0.679   |   2.554
14.  	LEEDS                 |    73.554     |      40.356       |   2.581   |   2.135   |   0.827   |   3.531
15.  	CRYSTAL PALACE        |    65.674     |      34.130       |   2.071   |   1.678   |   0.810   |   2.720
16.  	FULHAM                |    63.524     |      33.530       |   2.006   |   1.501   |   0.748   |   2.246
17.  	BURNLEY               |    61.924     |      32.751       |   1.934   |   1.402   |   0.725   |   2.032
18.  	NEWCASTLE             |    63.392     |      32.374       |   1.934   |   1.574   |   0.814   |   2.561
19.  	SHEFFIELD UNITED      |    60.601     |      30.976       |   1.810   |   1.404   |   0.776   |   2.178
20.  	WEST BROM             |    54.070     |      24.822       |   1.407   |   1.277   |   0.907   |   2.316

============================================================================================================================

#           Club              |  SPI Default  |  SPI Round-Robin  |   Power   |    ATK    |    DEF    |    OFF
1.  	BAYERN MUNCHEN        |    93.005     |      76.850       |   6.736   |   3.620   |   0.537   |   3.890
2.  	LEIPZIG               |    84.648     |      65.069       |   4.886   |   2.432   |   0.498   |   2.420
3.  	DORTMUND              |    85.343     |      64.546       |   4.582   |   2.639   |   0.576   |   3.040
4.  	BAYER LEVERKUSEN      |    80.369     |      58.153       |   3.773   |   2.249   |   0.596   |   2.681
5.  	MONCHENGLADBACH       |    75.873     |      50.719       |   2.897   |   2.172   |   0.750   |   3.256
6.  	WOLFSBURG             |    74.164     |      50.149       |   2.895   |   1.958   |   0.676   |   2.647
7.  	EINTRACHT FRANKFURT   |    73.705     |      48.119       |   2.670   |   2.072   |   0.776   |   3.216
8.  	UNION BERLIN          |    70.544     |      45.591       |   2.483   |   1.842   |   0.742   |   2.732
9.  	HERTHA BERLIN         |    70.003     |      44.751       |   2.412   |   1.842   |   0.764   |   2.813
10.  	HOFFENHEIM            |    70.995     |      44.576       |   2.381   |   1.998   |   0.839   |   3.354
11.  	STUTTGART             |    69.796     |      43.399       |   2.295   |   1.936   |   0.844   |   3.267
12.  	FREIBURG              |    67.057     |      40.940       |   2.122   |   1.790   |   0.843   |   3.019
13.  	WERDER BREMEN         |    63.446     |      38.190       |   1.932   |   1.582   |   0.819   |   2.591
14.  	KOLN                  |    61.379     |      35.837       |   1.780   |   1.546   |   0.868   |   2.684
15.  	AUGSBURG              |    59.085     |      34.198       |   1.671   |   1.428   |   0.855   |   2.441
16.  	MAINZ                 |    57.006     |      31.090       |   1.506   |   1.479   |   0.982   |   2.904
17.  	ARMINIA               |    53.355     |      29.397       |   1.380   |   1.237   |   0.897   |   2.219
18.  	SCHALKE 04            |    50.968     |      26.011       |   1.233   |   1.305   |   1.059   |   2.763

============================================================================================================================

#           Club              |  SPI Default  |  SPI Round-Robin  |   Power   |    ATK    |    DEF    |    OFF
1.  	BENFICA               |    74.655     |      70.118       |   2.893   |   2.019   |   0.698   |   2.817
2.  	PORTO                 |    73.454     |      68.878       |   2.765   |   1.964   |   0.710   |   2.790
3.  	SPORTING              |    67.962     |      63.403       |   2.317   |   1.689   |   0.729   |   2.464
4.  	BRAGA                 |    64.475     |      59.723       |   1.992   |   1.631   |   0.819   |   2.670
5.  	VITORIA DE GUIMARAES  |    53.376     |      48.969       |   1.395   |   1.204   |   0.864   |   2.080
6.  	RIO AVE               |    49.379     |      45.133       |   1.214   |   1.077   |   0.887   |   1.911
7.  	PACOS DE FERREIRA     |    49.145     |      44.689       |   1.179   |   1.163   |   0.986   |   2.294
8.  	FAMALICAO             |    45.342     |      40.906       |   1.022   |   1.127   |   1.103   |   2.486
9.  	GIL VICENTE           |    44.488     |      40.332       |   1.005   |   0.990   |   0.986   |   1.952
10.  	SANTA CLARA           |    43.982     |      39.632       |   0.975   |   1.081   |   1.109   |   2.399
11.  	PORTIMONENSE          |    43.090     |      38.961       |   0.951   |   0.971   |   1.021   |   1.983
12.  	BOAVISTA              |    42.695     |      38.573       |   0.937   |   0.967   |   1.032   |   1.995
13.  	FARENSE               |    42.055     |      37.757       |   0.908   |   1.057   |   1.164   |   2.462
14.  	MARITIMO              |    41.476     |      37.353       |   0.892   |   0.966   |   1.083   |   2.092
15.  	MOREIRENSE            |    41.153     |      37.201       |   0.885   |   0.884   |   0.999   |   1.766
16.  	BELENENSES            |    40.131     |      36.374       |   0.852   |   0.794   |   0.932   |   1.479
17.  	NACIONAL              |    37.239     |      33.240       |   0.759   |   0.927   |   1.223   |   2.268
18.  	TONDELA               |    36.008     |      32.022       |   0.725   |   0.940   |   1.296   |   2.435

============================================================================================================================

#           Club              |  SPI Default  |  SPI Round-Robin  |   Power   |    ATK    |    DEF    |    OFF
1.  	BARCELONA             |    91.935     |      70.176       |   6.225   |   3.450   |   0.554   |   3.824
2.  	ATL MADRID            |    87.835     |      66.368       |   6.190   |   2.602   |   0.420   |   2.188
3.  	REAL MADRID           |    88.427     |      65.775       |   5.726   |   2.810   |   0.491   |   2.758
4.  	REAL SOCIEDAD         |    82.147     |      56.923       |   4.263   |   2.288   |   0.537   |   2.455
5.  	SEVILLA               |    79.597     |      54.791       |   4.058   |   2.042   |   0.503   |   2.055
6.  	VILLARREAL            |    80.785     |      54.782       |   3.932   |   2.235   |   0.568   |   2.541
7.  	CELTA                 |    74.362     |      45.961       |   2.870   |   1.999   |   0.696   |   2.784
8.  	ATL BILBAO            |    71.825     |      44.905       |   2.804   |   1.750   |   0.624   |   2.186
9.  	GETAFE                |    67.839     |      42.678       |   2.614   |   1.461   |   0.559   |   1.634
10.  	BETIS                 |    69.950     |      41.159       |   2.429   |   1.819   |   0.749   |   2.726
11.  	LEVANTE               |    68.202     |      39.413       |   2.282   |   1.751   |   0.767   |   2.686
12.  	EIBAR                 |    65.365     |      39.177       |   2.266   |   1.453   |   0.641   |   1.863
13.  	GRANADA               |    67.912     |      39.127       |   2.259   |   1.740   |   0.770   |   2.680
14.  	OSASUNA               |    66.797     |      38.507       |   2.208   |   1.660   |   0.752   |   2.497
15.  	VALENCIA              |    67.474     |      38.170       |   2.183   |   1.769   |   0.810   |   2.865
16.  	ALAVES                |    64.237     |      37.322       |   2.107   |   1.474   |   0.699   |   2.062
17.  	HUESCA                |    61.852     |      34.579       |   1.895   |   1.440   |   0.760   |   2.189
18.  	CADIZ                 |    59.877     |      34.399       |   1.861   |   1.262   |   0.678   |   1.711
19.  	VALLADOLID            |    60.633     |      33.054       |   1.788   |   1.437   |   0.804   |   2.311
20.  	ELCHE                 |    56.138     |      29.836       |   1.552   |   1.257   |   0.810   |   2.038

============================================================================================================================

#           Club              |  SPI Default  |  SPI Round-Robin  |   Power   |    ATK    |    DEF    |    OFF
1.  	JUVENTUS              |    81.450     |      64.707       |   3.796   |   2.386   |   0.629   |   3.000
2.  	INTER                 |    82.159     |      64.627       |   3.664   |   2.561   |   0.699   |   3.580
3.  	NAPOLI                |    80.195     |      64.205       |   3.887   |   2.178   |   0.560   |   2.440
4.  	MILAN                 |    81.416     |      63.512       |   3.528   |   2.527   |   0.716   |   3.619
5.  	ATALANTA              |    80.503     |      62.698       |   3.480   |   2.420   |   0.695   |   3.365
6.  	ROMA                  |    77.799     |      58.898       |   3.071   |   2.304   |   0.750   |   3.457
7.  	LAZIO                 |    70.339     |      50.512       |   2.396   |   1.899   |   0.793   |   3.010
8.  	SASSUOLO              |    67.184     |      46.276       |   2.083   |   1.857   |   0.892   |   3.313
9.  	FIORENTINA            |    63.957     |      44.451       |   1.989   |   1.571   |   0.790   |   2.484
10.  	UDINESE               |    60.300     |      41.375       |   1.795   |   1.388   |   0.773   |   2.145
11.  	BOLOGNA               |    61.260     |      40.329       |   1.726   |   1.625   |   0.941   |   3.059
12.  	HELLAS VERONA         |    59.928     |      40.234       |   1.722   |   1.451   |   0.843   |   2.446
13.  	SAMPDORIA             |    60.328     |      39.474       |   1.678   |   1.586   |   0.945   |   2.999
14.  	TORINO                |    58.647     |      37.330       |   1.564   |   1.588   |   1.015   |   3.226
15.  	CAGLIARI              |    56.867     |      35.959       |   1.491   |   1.496   |   1.003   |   3.000
16.  	BENEVENTO             |    55.659     |      35.650       |   1.467   |   1.369   |   0.933   |   2.555
17.  	PARMA                 |    54.047     |      33.653       |   1.371   |   1.376   |   1.004   |   2.762
18.  	SPEZIA                |    53.494     |      33.178       |   1.347   |   1.357   |   1.007   |   2.733
19.  	GENOA                 |    52.749     |      32.435       |   1.312   |   1.343   |   1.024   |   2.750
20.  	CROTONE               |    48.289     |      29.051       |   1.140   |   1.160   |   1.017   |   2.359

============================================================================================================================

#           Club              |  SPI Default  |  SPI Round-Robin  |   Power   |    ATK    |    DEF    |    OFF
1.  	PSG                   |    86.573     |      73.857       |   4.832   |   2.753   |   0.570   |   3.137
2.  	LYON                  |    79.573     |      65.272       |   3.685   |   2.186   |   0.593   |   2.593
3.  	LILLE                 |    73.110     |      58.015       |   2.920   |   1.820   |   0.623   |   2.270
4.  	MONACO                |    72.625     |      55.472       |   2.532   |   2.058   |   0.813   |   3.345
5.  	MARSEILLE             |    69.109     |      53.198       |   2.451   |   1.703   |   0.695   |   2.366
6.  	RENNES                |    68.044     |      52.321       |   2.396   |   1.630   |   0.680   |   2.219
7.  	LENS                  |    63.499     |      46.767       |   1.953   |   1.561   |   0.799   |   2.495
8.  	MONTPELLIER           |    62.498     |      44.473       |   1.786   |   1.687   |   0.944   |   3.186
9.  	ST ETIENNE            |    59.123     |      42.788       |   1.709   |   1.372   |   0.803   |   2.202
10.  	BORDEAUX              |    58.479     |      42.598       |   1.703   |   1.302   |   0.765   |   1.993
11.  	ANGERS                |    58.947     |      42.265       |   1.673   |   1.407   |   0.841   |   2.365
12.  	STRASBOURG            |    58.569     |      41.067       |   1.599   |   1.496   |   0.935   |   2.797
13.  	NICE                  |    58.060     |      40.972       |   1.596   |   1.430   |   0.896   |   2.564
14.  	METZ                  |    56.517     |      40.449       |   1.571   |   1.272   |   0.809   |   2.059
15.  	BREST                 |    58.340     |      39.911       |   1.537   |   1.610   |   1.048   |   3.374
16.  	REIMS                 |    57.107     |      39.887       |   1.536   |   1.421   |   0.925   |   2.630
17.  	NANTES                |    54.318     |      37.149       |   1.394   |   1.351   |   0.969   |   2.618
18.  	LORIENT               |    50.681     |      33.600       |   1.226   |   1.276   |   1.040   |   2.653
19.  	DIJON                 |    47.542     |      31.636       |   1.121   |   1.089   |   0.971   |   2.115
20.  	NIMES                 |    45.502     |      28.761       |   1.022   |   1.177   |   1.151   |   2.711
