#           Club              |  SPI Default  |  SPI Round-Robin  |   Power   |    ATK    |    DEF    |    OFF
1.  	BAYERN MUNCHEN        |    94.788     |      84.290       |   7.864   |   4.001   |   0.509   |   4.071
2.  	MANCHESTER CITY       |    94.425     |      83.986       |   8.085   |   3.786   |   0.468   |   3.545
3.  	LIVERPOOL             |    92.952     |      81.217       |   7.123   |   3.501   |   0.492   |   3.442
4.  	BARCELONA             |    92.496     |      80.339       |   6.820   |   3.443   |   0.505   |   3.476
5.  	REAL MADRID           |    90.207     |      77.647       |   6.566   |   2.955   |   0.450   |   2.659
6.  	ATL MADRID            |    87.777     |      73.898       |   5.595   |   2.729   |   0.488   |   2.661
7.  	PSG                   |    87.133     |      71.856       |   4.881   |   2.835   |   0.581   |   3.294
8.  	CHELSEA               |    85.709     |      69.844       |   4.542   |   2.715   |   0.598   |   3.246
9.  	MANCHESTER UNITED     |    85.068     |      69.311       |   4.526   |   2.616   |   0.578   |   3.024
10.  	JUVENTUS              |    84.295     |      67.708       |   4.180   |   2.635   |   0.630   |   3.323
11.  	DORTMUND              |    83.871     |      67.653       |   4.260   |   2.534   |   0.595   |   3.015
12.  	LEIPZIG               |    83.355     |      67.034       |   4.179   |   2.490   |   0.596   |   2.967
13.  	INTER                 |    83.420     |      65.813       |   3.819   |   2.674   |   0.700   |   3.744
14.  	ARSENAL               |    82.484     |      65.983       |   4.043   |   2.421   |   0.599   |   2.899
15.  	LEICESTER             |    82.272     |      65.411       |   3.918   |   2.446   |   0.624   |   3.054
16.  	NAPOLI                |    81.274     |      64.526       |   3.857   |   2.333   |   0.605   |   2.822
17.  	SEVILLA               |    80.827     |      64.574       |   3.957   |   2.230   |   0.564   |   2.514
18.  	TOTTENHAM             |    80.806     |      63.852       |   3.756   |   2.315   |   0.616   |   2.855
19.  	MILAN                 |    80.407     |      62.449       |   3.476   |   2.408   |   0.693   |   3.337
20.  	BENFICA               |    79.776     |      62.457       |   3.567   |   2.270   |   0.636   |   2.888
21.  	ATALANTA              |    79.697     |      61.534       |   3.370   |   2.371   |   0.704   |   3.336
22.  	VILLARREAL            |    78.255     |      60.225       |   3.270   |   2.233   |   0.683   |   3.050
23.  	PORTO                 |    77.487     |      60.074       |   3.331   |   2.099   |   0.630   |   2.647
24.  	EVERTON               |    77.411     |      59.844       |   3.290   |   2.112   |   0.642   |   2.712
25.  	BAYER LEVERKUSEN      |    76.948     |      59.350       |   3.241   |   2.082   |   0.643   |   2.676
26.  	REAL SOCIEDAD         |    76.508     |      59.447       |   3.316   |   1.990   |   0.600   |   2.388
27.  	LYON                  |    75.435     |      58.444       |   3.226   |   1.912   |   0.592   |   2.265
28.  	MONCHENGLADBACH       |    75.063     |      56.666       |   2.921   |   2.050   |   0.702   |   2.877
29.  	WOLVERHAMPTON         |    73.672     |      56.613       |   3.041   |   1.813   |   0.596   |   2.162
30.  	BETIS                 |    74.280     |      56.035       |   2.879   |   1.983   |   0.689   |   2.731
31.  	ROMA                  |    74.445     |      55.254       |   2.743   |   2.107   |   0.768   |   3.237
32.  	WEST HAM              |    74.254     |      55.343       |   2.769   |   2.060   |   0.744   |   3.066
33.  	LAZIO                 |    74.088     |      55.314       |   2.777   |   2.034   |   0.732   |   2.979
34.  	HOFFENHEIM            |    74.166     |      54.534       |   2.658   |   2.145   |   0.807   |   3.462
35.  	BRIGHTON              |    73.134     |      54.675       |   2.746   |   1.940   |   0.706   |   2.740
36.  	SOUTHAMPTON           |    73.073     |      54.701       |   2.754   |   1.926   |   0.699   |   2.694
37.  	EINTRACHT FRANKFURT   |    72.841     |      53.600       |   2.607   |   2.016   |   0.773   |   3.118
38.  	WOLFSBURG             |    71.659     |      53.603       |   2.682   |   1.813   |   0.676   |   2.451
39.  	RENNES                |    71.388     |      53.347       |   2.661   |   1.797   |   0.675   |   2.428
40.  	GETAFE                |    70.104     |      54.029       |   2.884   |   1.533   |   0.532   |   1.630
41.  	ATL BILBAO            |    70.531     |      52.881       |   2.647   |   1.712   |   0.647   |   2.215
42.  	GRANADA               |    70.919     |      52.093       |   2.510   |   1.863   |   0.742   |   2.764
43.  	LILLE                 |    69.632     |      52.145       |   2.594   |   1.653   |   0.637   |   2.107
44.  	HERTHA BERLIN         |    70.220     |      50.803       |   2.382   |   1.898   |   0.797   |   3.023
45.  	CELTA                 |    69.289     |      51.258       |   2.485   |   1.695   |   0.682   |   2.313
46.  	FIORENTINA            |    69.737     |      50.719       |   2.393   |   1.827   |   0.763   |   2.789
47.  	LEEDS                 |    69.440     |      50.096       |   2.332   |   1.851   |   0.794   |   2.939
48.  	FLAMENGO              |    69.088     |      50.304       |   2.371   |   1.770   |   0.746   |   2.642
49.  	LEVANTE               |    69.316     |      49.639       |   2.286   |   1.885   |   0.825   |   3.111
50.  	ASTON VILLA           |    68.005     |      49.700       |   2.345   |   1.669   |   0.712   |   2.375
51.  	CRYSTAL PALACE        |    67.892     |      49.702       |   2.350   |   1.651   |   0.703   |   2.321
52.  	VALENCIA              |    68.243     |      49.093       |   2.264   |   1.774   |   0.784   |   2.780
53.  	MONACO                |    68.023     |      48.084       |   2.166   |   1.859   |   0.858   |   3.190
54.  	OSASUNA               |    66.779     |      48.352       |   2.235   |   1.632   |   0.730   |   2.383
55.  	MARSEILLE             |    66.701     |      47.977       |   2.196   |   1.662   |   0.757   |   2.515
56.  	BURNLEY               |    66.430     |      47.953       |   2.203   |   1.623   |   0.737   |   2.393
57.  	SASSUOLO              |    67.607     |      46.928       |   2.070   |   1.934   |   0.934   |   3.615
58.  	ATLETICO-MG           |    66.413     |      46.945       |   2.100   |   1.736   |   0.827   |   2.870
59.  	FREIBURG              |    66.298     |      46.459       |   2.057   |   1.776   |   0.863   |   3.065
60.  	MONTPELLIER           |    65.862     |      46.086       |   2.033   |   1.751   |   0.861   |   3.016
61.  	EIBAR                 |    64.732     |      46.745       |   2.127   |   1.508   |   0.709   |   2.139
62.  	GREMIO                |    64.459     |      46.304       |   2.089   |   1.516   |   0.726   |   2.202
63.  	NEWCASTLE             |    64.474     |      45.561       |   2.016   |   1.600   |   0.794   |   2.539
64.  	PALMEIRAS             |    63.664     |      45.799       |   2.059   |   1.459   |   0.709   |   2.068
65.  	SHEFFIELD UNITED      |    63.658     |      45.559       |   2.035   |   1.483   |   0.729   |   2.163
66.  	WERDER BREMEN         |    64.584     |      44.625       |   1.933   |   1.727   |   0.893   |   3.084
67.  	AUGSBURG              |    64.202     |      44.753       |   1.950   |   1.652   |   0.847   |   2.800
68.  	ALAVES                |    63.283     |      45.400       |   2.029   |   1.449   |   0.714   |   2.069
69.  	STUTTGART             |    64.522     |      44.060       |   1.890   |   1.787   |   0.945   |   3.380
70.  	VALLADOLID            |    62.431     |      44.858       |   1.996   |   1.390   |   0.696   |   1.935
71.  	KOLN                  |    63.956     |      43.725       |   1.872   |   1.739   |   0.929   |   3.230
72.  	CADIZ                 |    62.174     |      44.527       |   1.970   |   1.389   |   0.705   |   1.960
73.  	ST ETIENNE            |    62.174     |      43.514       |   1.880   |   1.497   |   0.796   |   2.384
74.  	UNION BERLIN          |    62.308     |      43.015       |   1.839   |   1.573   |   0.855   |   2.691
75.  	INTERNACIONAL         |    60.521     |      42.798       |   1.845   |   1.349   |   0.731   |   1.974
76.  	LENS                  |    60.463     |      41.944       |   1.778   |   1.432   |   0.806   |   2.308
77.  	BOLOGNA               |    61.103     |      41.302       |   1.728   |   1.599   |   0.925   |   2.958
78.  	HUESCA                |    60.103     |      41.928       |   1.780   |   1.385   |   0.778   |   2.156
79.  	SPORTING              |    60.078     |      41.924       |   1.780   |   1.382   |   0.777   |   2.147
80.  	WEST BROM             |    60.635     |      40.995       |   1.710   |   1.566   |   0.916   |   2.869
81.  	MAINZ                 |    60.607     |      40.406       |   1.674   |   1.635   |   0.977   |   3.194
82.  	SCHALKE 04            |    59.909     |      40.120       |   1.658   |   1.566   |   0.944   |   2.956
83.  	FULHAM                |    59.499     |      40.197       |   1.664   |   1.496   |   0.899   |   2.691
84.  	ELCHE                 |    58.938     |      40.262       |   1.670   |   1.410   |   0.844   |   2.382
85.  	BORDEAUX              |    57.757     |      40.329       |   1.681   |   1.249   |   0.743   |   1.856
86.  	SAO PAULO             |    58.045     |      39.954       |   1.654   |   1.325   |   0.801   |   2.123
87.  	BRAGA                 |    58.707     |      39.247       |   1.608   |   1.496   |   0.930   |   2.784
88.  	NICE                  |    58.296     |      39.353       |   1.615   |   1.426   |   0.883   |   2.517
89.  	ARMINIA               |    58.078     |      39.305       |   1.612   |   1.401   |   0.869   |   2.435
90.  	NANTES                |    57.911     |      39.329       |   1.614   |   1.376   |   0.852   |   2.345
91.  	HELLAS VERONA         |    58.396     |      38.992       |   1.594   |   1.482   |   0.930   |   2.758
92.  	ANGERS                |    57.566     |      38.996       |   1.594   |   1.367   |   0.857   |   2.343
93.  	UDINESE               |    57.389     |      38.775       |   1.581   |   1.368   |   0.865   |   2.366
94.  	SAMPDORIA             |    58.121     |      38.270       |   1.554   |   1.532   |   0.985   |   3.019
95.  	TORINO                |    57.806     |      37.846       |   1.532   |   1.539   |   1.005   |   3.091
96.  	NIMES                 |    56.858     |      37.540       |   1.513   |   1.439   |   0.952   |   2.739
97.  	STRASBOURG            |    56.575     |      37.695       |   1.520   |   1.381   |   0.909   |   2.511
98.  	CAGLIARI              |    55.940     |      37.165       |   1.490   |   1.357   |   0.911   |   2.471
99.  	GENOA                 |    55.822     |      35.521       |   1.414   |   1.547   |   1.094   |   3.386
100.  	BREST                 |    55.584     |      35.635       |   1.417   |   1.496   |   1.056   |   3.161
101.  	PARMA                 |    55.643     |      35.410       |   1.408   |   1.535   |   1.090   |   3.348
102.  	BENEVENTO             |    55.006     |      35.590       |   1.410   |   1.418   |   1.006   |   2.852
103.  	METZ                  |    53.816     |      36.210       |   1.430   |   1.187   |   0.830   |   1.972
104.  	REIMS                 |    53.849     |      35.689       |   1.405   |   1.249   |   0.889   |   2.220
105.  	VITORIA DE GUIMARAES  |    53.419     |      35.361       |   1.387   |   1.231   |   0.887   |   2.184
106.  	RIO AVE               |    53.300     |      34.545       |   1.351   |   1.310   |   0.970   |   2.542
107.  	LORIENT               |    53.219     |      33.764       |   1.321   |   1.398   |   1.058   |   2.959
108.  	ATHLETICO-PR          |    51.756     |      34.590       |   1.336   |   1.108   |   0.829   |   1.837
109.  	FLUMINENSE            |    52.049     |      33.976       |   1.315   |   1.212   |   0.922   |   2.236
110.  	SANTOS                |    51.406     |      33.224       |   1.278   |   1.217   |   0.952   |   2.317
111.  	SPEZIA                |    51.226     |      32.376       |   1.247   |   1.297   |   1.040   |   2.699
112.  	CROTONE               |    50.004     |      31.523       |   1.203   |   1.239   |   1.031   |   2.555
113.  	FAMALICAO             |    49.680     |      30.962       |   1.182   |   1.268   |   1.073   |   2.719
114.  	BRAGANTINO            |    49.661     |      30.931       |   1.180   |   1.269   |   1.075   |   2.728
115.  	FORTALEZA             |    48.563     |      31.543       |   1.178   |   1.053   |   0.893   |   1.881
116.  	CORINTHIANS           |    49.360     |      30.832       |   1.173   |   1.240   |   1.058   |   2.624
117.  	DIJON                 |    48.570     |      30.343       |   1.146   |   1.197   |   1.044   |   2.500
118.  	VASCO                 |    47.676     |      29.836       |   1.116   |   1.142   |   1.024   |   2.339
119.  	SANTA CLARA           |    47.086     |      29.400       |   1.094   |   1.120   |   1.023   |   2.293
120.  	CEARA                 |    46.866     |      29.301       |   1.088   |   1.104   |   1.015   |   2.241
121.  	BAHIA                 |    46.847     |      28.695       |   1.075   |   1.179   |   1.097   |   2.588
122.  	MOREIRENSE            |    44.897     |      27.699       |   1.013   |   1.051   |   1.038   |   2.182
123.  	GIL VICENTE           |    43.886     |      26.522       |   0.972   |   1.073   |   1.104   |   2.368
124.  	PORTIMONENSE          |    43.662     |      26.585       |   0.967   |   1.035   |   1.071   |   2.217
125.  	ATLETICO-GO           |    43.435     |      26.314       |   0.958   |   1.041   |   1.087   |   2.264
126.  	BOTAFOGO              |    43.133     |      26.145       |   0.948   |   1.024   |   1.080   |   2.213
127.  	PACOS DE FERREIRA     |    43.105     |      25.485       |   0.941   |   1.111   |   1.181   |   2.624
128.  	BELENENSES            |    41.336     |      25.012       |   0.889   |   0.942   |   1.060   |   1.998
129.  	SPORT                 |    41.181     |      24.754       |   0.883   |   0.956   |   1.083   |   2.072
130.  	GOIAS                 |    41.579     |      24.022       |   0.890   |   1.114   |   1.251   |   2.787
131.  	MARITIMO              |    40.622     |      24.268       |   0.864   |   0.949   |   1.099   |   2.086
132.  	TONDELA               |    40.412     |      23.517       |   0.855   |   1.026   |   1.200   |   2.463
133.  	NACIONAL              |    39.713     |      22.538       |   0.833   |   1.078   |   1.293   |   2.787
134.  	BOAVISTA              |    38.702     |      22.376       |   0.802   |   0.961   |   1.198   |   2.302
135.  	CORITIBA              |    38.103     |      22.298       |   0.783   |   0.893   |   1.140   |   2.037
136.  	FARENSE               |    38.561     |      21.977       |   0.799   |   1.002   |   1.254   |   2.512

============================================================================================================================

#           Club              |  SPI Default  |  SPI Round-Robin  |   Power   |    ATK    |    DEF    |    OFF
1.  	FLAMENGO              |    69.088     |      62.626       |   2.371   |   1.770   |   0.746   |   2.642
2.  	ATLETICO-MG           |    66.413     |      59.602       |   2.100   |   1.736   |   0.827   |   2.870
3.  	GREMIO                |    64.459     |      58.124       |   2.089   |   1.516   |   0.726   |   2.202
4.  	PALMEIRAS             |    63.664     |      57.425       |   2.059   |   1.459   |   0.709   |   2.068
5.  	INTERNACIONAL         |    60.521     |      54.254       |   1.845   |   1.349   |   0.731   |   1.974
6.  	SAO PAULO             |    58.045     |      51.552       |   1.654   |   1.325   |   0.801   |   2.123
7.  	FLUMINENSE            |    52.049     |      45.358       |   1.315   |   1.212   |   0.922   |   2.236
8.  	ATHLETICO-PR          |    51.756     |      45.456       |   1.336   |   1.108   |   0.829   |   1.837
9.  	SANTOS                |    51.406     |      44.641       |   1.278   |   1.217   |   0.952   |   2.317
10.  	BRAGANTINO            |    49.661     |      42.572       |   1.180   |   1.269   |   1.075   |   2.728
11.  	CORINTHIANS           |    49.360     |      42.352       |   1.173   |   1.240   |   1.058   |   2.624
12.  	FORTALEZA             |    48.563     |      42.211       |   1.178   |   1.053   |   0.893   |   1.881
13.  	VASCO                 |    47.676     |      40.913       |   1.116   |   1.142   |   1.024   |   2.339
14.  	CEARA                 |    46.866     |      40.195       |   1.088   |   1.104   |   1.015   |   2.241
15.  	BAHIA                 |    46.847     |      39.900       |   1.075   |   1.179   |   1.097   |   2.588
16.  	ATLETICO-GO           |    43.435     |      36.817       |   0.958   |   1.041   |   1.087   |   2.264
17.  	BOTAFOGO              |    43.133     |      36.564       |   0.948   |   1.024   |   1.080   |   2.213
18.  	GOIAS                 |    41.579     |      34.651       |   0.890   |   1.114   |   1.251   |   2.787
19.  	SPORT                 |    41.181     |      34.787       |   0.883   |   0.956   |   1.083   |   2.072
20.  	CORITIBA              |    38.103     |      31.855       |   0.783   |   0.893   |   1.140   |   2.037

============================================================================================================================

#           Club              |  SPI Default  |  SPI Round-Robin  |   Power   |    ATK    |    DEF    |    OFF
1.  	MANCHESTER CITY       |    94.425     |      75.439       |   8.085   |   3.786   |   0.468   |   3.545
2.  	LIVERPOOL             |    92.952     |      71.829       |   7.123   |   3.501   |   0.492   |   3.442
3.  	CHELSEA               |    85.709     |      58.156       |   4.542   |   2.715   |   0.598   |   3.246
4.  	MANCHESTER UNITED     |    85.068     |      57.740       |   4.526   |   2.616   |   0.578   |   3.024
5.  	ARSENAL               |    82.484     |      54.122       |   4.043   |   2.421   |   0.599   |   2.899
6.  	LEICESTER             |    82.272     |      53.340       |   3.918   |   2.446   |   0.624   |   3.054
7.  	TOTTENHAM             |    80.806     |      51.827       |   3.756   |   2.315   |   0.616   |   2.855
8.  	EVERTON               |    77.411     |      47.687       |   3.290   |   2.112   |   0.642   |   2.712
9.  	WOLVERHAMPTON         |    73.672     |      44.990       |   3.041   |   1.813   |   0.596   |   2.162
10.  	WEST HAM              |    74.254     |      42.651       |   2.769   |   2.060   |   0.744   |   3.066
11.  	SOUTHAMPTON           |    73.073     |      42.388       |   2.754   |   1.926   |   0.699   |   2.694
12.  	BRIGHTON              |    73.134     |      42.310       |   2.746   |   1.940   |   0.706   |   2.740
13.  	LEEDS                 |    69.440     |      37.533       |   2.332   |   1.851   |   0.794   |   2.939
14.  	CRYSTAL PALACE        |    67.892     |      37.848       |   2.350   |   1.651   |   0.703   |   2.321
15.  	ASTON VILLA           |    68.005     |      37.777       |   2.345   |   1.669   |   0.712   |   2.375
16.  	BURNLEY               |    66.430     |      36.057       |   2.203   |   1.623   |   0.737   |   2.393
17.  	SHEFFIELD UNITED      |    63.658     |      34.051       |   2.035   |   1.483   |   0.729   |   2.163
18.  	NEWCASTLE             |    64.474     |      33.592       |   2.016   |   1.600   |   0.794   |   2.539
19.  	WEST BROM             |    60.635     |      28.993       |   1.710   |   1.566   |   0.916   |   2.869
20.  	FULHAM                |    59.499     |      28.444       |   1.664   |   1.496   |   0.899   |   2.691

============================================================================================================================

#           Club              |  SPI Default  |  SPI Round-Robin  |   Power   |    ATK    |    DEF    |    OFF
1.  	BAYERN MUNCHEN        |    94.788     |      81.558       |   7.864   |   4.001   |   0.509   |   4.071
2.  	DORTMUND              |    83.871     |      62.825       |   4.260   |   2.534   |   0.595   |   3.015
3.  	LEIPZIG               |    83.355     |      62.161       |   4.179   |   2.490   |   0.596   |   2.967
4.  	BAYER LEVERKUSEN      |    76.948     |      53.913       |   3.241   |   2.082   |   0.643   |   2.676
5.  	MONCHENGLADBACH       |    75.063     |      50.920       |   2.921   |   2.050   |   0.702   |   2.877
6.  	HOFFENHEIM            |    74.166     |      48.355       |   2.658   |   2.145   |   0.807   |   3.462
7.  	EINTRACHT FRANKFURT   |    72.841     |      47.525       |   2.607   |   2.016   |   0.773   |   3.118
8.  	WOLFSBURG             |    71.659     |      47.905       |   2.682   |   1.813   |   0.676   |   2.451
9.  	HERTHA BERLIN         |    70.220     |      44.618       |   2.382   |   1.898   |   0.797   |   3.023
10.  	FREIBURG              |    66.298     |      40.062       |   2.057   |   1.776   |   0.863   |   3.065
11.  	AUGSBURG              |    64.202     |      38.451       |   1.950   |   1.652   |   0.847   |   2.800
12.  	WERDER BREMEN         |    64.584     |      38.159       |   1.933   |   1.727   |   0.893   |   3.084
13.  	STUTTGART             |    64.522     |      37.426       |   1.890   |   1.787   |   0.945   |   3.380
14.  	KOLN                  |    63.956     |      37.158       |   1.872   |   1.739   |   0.929   |   3.230
15.  	UNION BERLIN          |    62.308     |      36.735       |   1.839   |   1.573   |   0.855   |   2.691
16.  	MAINZ                 |    60.607     |      33.800       |   1.674   |   1.635   |   0.977   |   3.194
17.  	SCHALKE 04            |    59.909     |      33.641       |   1.658   |   1.566   |   0.944   |   2.956
18.  	ARMINIA               |    58.078     |      33.139       |   1.612   |   1.401   |   0.869   |   2.435

============================================================================================================================

#           Club              |  SPI Default  |  SPI Round-Robin  |   Power   |    ATK    |    DEF    |    OFF
1.  	BENFICA               |    79.776     |      76.029       |   3.567   |   2.270   |   0.636   |   2.888
2.  	PORTO                 |    77.487     |      73.747       |   3.331   |   2.099   |   0.630   |   2.647
3.  	SPORTING              |    60.078     |      55.994       |   1.780   |   1.382   |   0.777   |   2.147
4.  	BRAGA                 |    58.707     |      54.207       |   1.608   |   1.496   |   0.930   |   2.784
5.  	VITORIA DE GUIMARAES  |    53.419     |      49.199       |   1.387   |   1.231   |   0.887   |   2.184
6.  	RIO AVE               |    53.300     |      48.875       |   1.351   |   1.310   |   0.970   |   2.542
7.  	FAMALICAO             |    49.680     |      45.166       |   1.182   |   1.268   |   1.073   |   2.719
8.  	SANTA CLARA           |    47.086     |      42.787       |   1.094   |   1.120   |   1.023   |   2.293
9.  	MOREIRENSE            |    44.897     |      40.667       |   1.013   |   1.051   |   1.038   |   2.182
10.  	GIL VICENTE           |    43.886     |      39.579       |   0.972   |   1.073   |   1.104   |   2.368
11.  	PORTIMONENSE          |    43.662     |      39.427       |   0.967   |   1.035   |   1.071   |   2.217
12.  	PACOS DE FERREIRA     |    43.105     |      38.705       |   0.941   |   1.111   |   1.181   |   2.624
13.  	BELENENSES            |    41.336     |      37.234       |   0.889   |   0.942   |   1.060   |   1.998
14.  	MARITIMO              |    40.622     |      36.490       |   0.864   |   0.949   |   1.099   |   2.086
15.  	TONDELA               |    40.412     |      36.129       |   0.855   |   1.026   |   1.200   |   2.463
16.  	NACIONAL              |    39.713     |      35.337       |   0.833   |   1.078   |   1.293   |   2.787
17.  	BOAVISTA              |    38.702     |      34.520       |   0.802   |   0.961   |   1.198   |   2.302
18.  	FARENSE               |    38.561     |      34.308       |   0.799   |   1.002   |   1.254   |   2.512

============================================================================================================================

#           Club              |  SPI Default  |  SPI Round-Robin  |   Power   |    ATK    |    DEF    |    OFF
1.  	BARCELONA             |    92.496     |      72.361       |   6.820   |   3.443   |   0.505   |   3.476
2.  	REAL MADRID           |    90.207     |      69.506       |   6.566   |   2.955   |   0.450   |   2.659
3.  	ATL MADRID            |    87.777     |      65.197       |   5.595   |   2.729   |   0.488   |   2.661
4.  	SEVILLA               |    80.827     |      55.108       |   3.957   |   2.230   |   0.564   |   2.514
5.  	VILLARREAL            |    78.255     |      50.154       |   3.270   |   2.233   |   0.683   |   3.050
6.  	REAL SOCIEDAD         |    76.508     |      49.877       |   3.316   |   1.990   |   0.600   |   2.388
7.  	BETIS                 |    74.280     |      46.120       |   2.879   |   1.983   |   0.689   |   2.731
8.  	GETAFE                |    70.104     |      45.230       |   2.884   |   1.533   |   0.532   |   1.630
9.  	ATL BILBAO            |    70.531     |      43.440       |   2.647   |   1.712   |   0.647   |   2.215
10.  	GRANADA               |    70.919     |      42.167       |   2.510   |   1.863   |   0.742   |   2.764
11.  	CELTA                 |    69.289     |      41.751       |   2.485   |   1.695   |   0.682   |   2.313
12.  	LEVANTE               |    69.316     |      39.496       |   2.286   |   1.885   |   0.825   |   3.111
13.  	VALENCIA              |    68.243     |      39.227       |   2.264   |   1.774   |   0.784   |   2.780
14.  	OSASUNA               |    66.779     |      38.864       |   2.235   |   1.632   |   0.730   |   2.383
15.  	EIBAR                 |    64.732     |      37.565       |   2.127   |   1.508   |   0.709   |   2.139
16.  	ALAVES                |    63.283     |      36.361       |   2.029   |   1.449   |   0.714   |   2.069
17.  	VALLADOLID            |    62.431     |      35.995       |   1.996   |   1.390   |   0.696   |   1.935
18.  	CADIZ                 |    62.174     |      35.655       |   1.970   |   1.389   |   0.705   |   1.960
19.  	HUESCA                |    60.103     |      33.010       |   1.780   |   1.385   |   0.778   |   2.156
20.  	ELCHE                 |    58.938     |      31.247       |   1.670   |   1.410   |   0.844   |   2.382

============================================================================================================================

#           Club              |  SPI Default  |  SPI Round-Robin  |   Power   |    ATK    |    DEF    |    OFF
1.  	JUVENTUS              |    84.295     |      68.341       |   4.180   |   2.635   |   0.630   |   3.323
2.  	INTER                 |    83.420     |      66.326       |   3.819   |   2.674   |   0.700   |   3.744
3.  	NAPOLI                |    81.274     |      65.007       |   3.857   |   2.333   |   0.605   |   2.822
4.  	MILAN                 |    80.407     |      62.782       |   3.476   |   2.408   |   0.693   |   3.337
5.  	ATALANTA              |    79.697     |      61.813       |   3.370   |   2.371   |   0.704   |   3.336
6.  	ROMA                  |    74.445     |      55.156       |   2.743   |   2.107   |   0.768   |   3.237
7.  	LAZIO                 |    74.088     |      55.241       |   2.777   |   2.034   |   0.732   |   2.979
8.  	FIORENTINA            |    69.737     |      50.386       |   2.393   |   1.827   |   0.763   |   2.789
9.  	SASSUOLO              |    67.607     |      46.276       |   2.070   |   1.934   |   0.934   |   3.615
10.  	BOLOGNA               |    61.103     |      40.394       |   1.728   |   1.599   |   0.925   |   2.958
11.  	HELLAS VERONA         |    58.396     |      37.986       |   1.594   |   1.482   |   0.930   |   2.758
12.  	UDINESE               |    57.389     |      37.818       |   1.581   |   1.368   |   0.865   |   2.366
13.  	SAMPDORIA             |    58.121     |      37.188       |   1.554   |   1.532   |   0.985   |   3.019
14.  	TORINO                |    57.806     |      36.733       |   1.532   |   1.539   |   1.005   |   3.091
15.  	CAGLIARI              |    55.940     |      36.108       |   1.490   |   1.357   |   0.911   |   2.471
16.  	GENOA                 |    55.822     |      34.251       |   1.414   |   1.547   |   1.094   |   3.386
17.  	PARMA                 |    55.643     |      34.139       |   1.408   |   1.535   |   1.090   |   3.348
18.  	BENEVENTO             |    55.006     |      34.396       |   1.410   |   1.418   |   1.006   |   2.852
19.  	SPEZIA                |    51.226     |      31.056       |   1.247   |   1.297   |   1.040   |   2.699
20.  	CROTONE               |    50.004     |      30.188       |   1.203   |   1.239   |   1.031   |   2.555

============================================================================================================================

#           Club              |  SPI Default  |  SPI Round-Robin  |   Power   |    ATK    |    DEF    |    OFF
1.  	PSG                   |    87.133     |      74.500       |   4.881   |   2.835   |   0.581   |   3.294
2.  	LYON                  |    75.435     |      60.752       |   3.226   |   1.912   |   0.592   |   2.265
3.  	RENNES                |    71.388     |      55.628       |   2.661   |   1.797   |   0.675   |   2.428
4.  	LILLE                 |    69.632     |      54.307       |   2.594   |   1.653   |   0.637   |   2.107
5.  	MONACO                |    68.023     |      50.402       |   2.166   |   1.859   |   0.858   |   3.190
6.  	MARSEILLE             |    66.701     |      50.151       |   2.196   |   1.662   |   0.757   |   2.515
7.  	MONTPELLIER           |    65.862     |      48.303       |   2.033   |   1.751   |   0.861   |   3.016
8.  	ST ETIENNE            |    62.174     |      45.523       |   1.880   |   1.497   |   0.796   |   2.384
9.  	LENS                  |    60.463     |      43.886       |   1.778   |   1.432   |   0.806   |   2.308
10.  	BORDEAUX              |    57.757     |      42.127       |   1.681   |   1.249   |   0.743   |   1.856
11.  	NICE                  |    58.296     |      41.234       |   1.615   |   1.426   |   0.883   |   2.517
12.  	NANTES                |    57.911     |      41.182       |   1.614   |   1.376   |   0.852   |   2.345
13.  	ANGERS                |    57.566     |      40.836       |   1.594   |   1.367   |   0.857   |   2.343
14.  	NIMES                 |    56.858     |      39.373       |   1.513   |   1.439   |   0.952   |   2.739
15.  	STRASBOURG            |    56.575     |      39.507       |   1.520   |   1.381   |   0.909   |   2.511
16.  	BREST                 |    55.584     |      37.419       |   1.417   |   1.496   |   1.056   |   3.161
17.  	METZ                  |    53.816     |      37.888       |   1.430   |   1.187   |   0.830   |   1.972
18.  	REIMS                 |    53.849     |      37.380       |   1.405   |   1.249   |   0.889   |   2.220
19.  	LORIENT               |    53.219     |      35.437       |   1.321   |   1.398   |   1.058   |   2.959
20.  	DIJON                 |    48.570     |      31.811       |   1.146   |   1.197   |   1.044   |   2.500
