#           Club              |  SPI Default  |  SPI Round-Robin  |   Power   |    ATK    |    DEF    |    OFF
1.  	MANCHESTER CITY       |    96.699     |      89.160       |   11.926  |   4.399   |   0.369   |   3.246
2.  	BAYERN MUNCHEN        |    93.110     |      80.266       |   6.830   |   3.627   |   0.531   |   3.852
3.  	LIVERPOOL             |    92.726     |      80.347       |   7.244   |   3.408   |   0.470   |   3.206
4.  	BARCELONA             |    91.758     |      78.381       |   6.522   |   3.320   |   0.509   |   3.379
5.  	REAL MADRID           |    89.866     |      76.368       |   6.419   |   2.918   |   0.455   |   2.653
6.  	CHELSEA               |    88.828     |      74.001       |   5.564   |   2.930   |   0.527   |   3.087
7.  	PSG                   |    89.276     |      73.596       |   5.185   |   3.148   |   0.607   |   3.824
8.  	MANCHESTER UNITED     |    88.285     |      73.991       |   5.822   |   2.760   |   0.474   |   2.617
9.  	ATL MADRID            |    87.080     |      72.844       |   5.760   |   2.573   |   0.447   |   2.299
10.  	LEIPZIG               |    85.356     |      69.012       |   4.615   |   2.629   |   0.570   |   2.995
11.  	ATALANTA              |    83.947     |      67.037       |   4.286   |   2.535   |   0.592   |   3.000
12.  	SEVILLA               |    82.809     |      66.956       |   4.545   |   2.281   |   0.502   |   2.290
13.  	VILLARREAL            |    82.890     |      65.726       |   4.104   |   2.453   |   0.598   |   2.933
14.  	INTER                 |    83.033     |      65.423       |   3.988   |   2.527   |   0.634   |   3.202
15.  	DORTMUND              |    82.634     |      65.012       |   3.947   |   2.486   |   0.630   |   3.132
16.  	WOLVERHAMPTON         |    80.412     |      64.603       |   4.290   |   2.062   |   0.481   |   1.983
17.  	MONCHENGLADBACH       |    81.308     |      63.468       |   3.762   |   2.383   |   0.633   |   3.018
18.  	JUVENTUS              |    80.999     |      62.764       |   3.634   |   2.404   |   0.662   |   3.181
19.  	MILAN                 |    81.094     |      62.472       |   3.553   |   2.463   |   0.693   |   3.416
20.  	LEICESTER             |    80.184     |      62.836       |   3.781   |   2.221   |   0.588   |   2.610
21.  	PORTO                 |    79.256     |      61.857       |   3.673   |   2.151   |   0.586   |   2.520
22.  	SOUTHAMPTON           |    78.743     |      61.148       |   3.571   |   2.134   |   0.598   |   2.551
23.  	BAYER LEVERKUSEN      |    78.302     |      59.736       |   3.308   |   2.217   |   0.670   |   2.972
24.  	ARSENAL               |    77.842     |      59.626       |   3.338   |   2.140   |   0.641   |   2.743
25.  	REAL SOCIEDAD         |    77.449     |      59.652       |   3.393   |   2.062   |   0.608   |   2.507
26.  	NAPOLI                |    77.136     |      58.767       |   3.239   |   2.107   |   0.651   |   2.741
27.  	EVERTON               |    76.638     |      58.875       |   3.320   |   2.003   |   0.603   |   2.416
28.  	ROMA                  |    76.856     |      57.519       |   3.030   |   2.204   |   0.727   |   3.207
29.  	WOLFSBURG             |    76.305     |      57.797       |   3.133   |   2.066   |   0.659   |   2.725
30.  	LYON                  |    76.051     |      57.775       |   3.155   |   2.022   |   0.641   |   2.593
31.  	EINTRACHT FRANKFURT   |    75.467     |      56.007       |   2.889   |   2.124   |   0.735   |   3.125
32.  	GRANADA               |    74.618     |      56.372       |   3.024   |   1.929   |   0.638   |   2.461
33.  	TOTTENHAM             |    74.615     |      56.108       |   2.976   |   1.959   |   0.658   |   2.578
34.  	OSASUNA               |    73.957     |      55.625       |   2.946   |   1.900   |   0.645   |   2.451
35.  	BENFICA               |    73.838     |      54.745       |   2.806   |   1.980   |   0.706   |   2.794
36.  	GETAFE                |    72.146     |      55.197       |   3.035   |   1.658   |   0.546   |   1.811
37.  	BURNLEY               |    71.931     |      53.787       |   2.790   |   1.770   |   0.634   |   2.246
38.  	BETIS                 |    71.192     |      51.924       |   2.555   |   1.858   |   0.727   |   2.702
39.  	LAZIO                 |    71.319     |      51.612       |   2.507   |   1.915   |   0.764   |   2.926
40.  	WEST HAM              |    71.218     |      51.524       |   2.500   |   1.908   |   0.763   |   2.914
41.  	LEEDS                 |    70.502     |      51.645       |   2.553   |   1.778   |   0.696   |   2.476
42.  	LEGANES               |    69.591     |      51.842       |   2.638   |   1.619   |   0.614   |   1.988
43.  	CELTA                 |    70.065     |      51.120       |   2.504   |   1.767   |   0.706   |   2.494
44.  	SHEFFIELD UNITED      |    69.574     |      51.285       |   2.554   |   1.674   |   0.655   |   2.194
45.  	HOFFENHEIM            |    70.811     |      50.372       |   2.378   |   1.978   |   0.832   |   3.290
46.  	FLAMENGO              |    70.162     |      50.815       |   2.459   |   1.817   |   0.739   |   2.685
47.  	LEVANTE               |    68.877     |      49.268       |   2.325   |   1.789   |   0.769   |   2.753
48.  	MARSEILLE             |    68.682     |      49.175       |   2.322   |   1.769   |   0.762   |   2.695
49.  	BRIGHTON              |    68.382     |      49.328       |   2.352   |   1.705   |   0.725   |   2.473
50.  	EIBAR                 |    68.012     |      49.413       |   2.378   |   1.641   |   0.690   |   2.264
51.  	HERTHA BERLIN         |    68.698     |      48.774       |   2.276   |   1.818   |   0.799   |   2.904
52.  	ATL BILBAO            |    67.860     |      49.205       |   2.359   |   1.641   |   0.696   |   2.282
53.  	RENNES                |    67.683     |      49.182       |   2.364   |   1.617   |   0.684   |   2.212
54.  	LILLE                 |    67.504     |      49.018       |   2.351   |   1.608   |   0.684   |   2.201
55.  	MONACO                |    68.001     |      47.986       |   2.214   |   1.799   |   0.812   |   2.923
56.  	FIORENTINA            |    67.443     |      48.220       |   2.258   |   1.686   |   0.747   |   2.517
57.  	SASSUOLO              |    67.619     |      46.811       |   2.110   |   1.879   |   0.891   |   3.349
58.  	FREIBURG              |    66.529     |      46.228       |   2.080   |   1.775   |   0.853   |   3.027
59.  	ATLETICO-MG           |    65.731     |      46.720       |   2.149   |   1.598   |   0.743   |   2.376
60.  	GREMIO                |    65.070     |      46.653       |   2.162   |   1.512   |   0.699   |   2.114
61.  	PALMEIRAS             |    64.746     |      46.678       |   2.175   |   1.465   |   0.673   |   1.973
62.  	KOLN                  |    66.232     |      45.513       |   2.023   |   1.814   |   0.897   |   3.255
63.  	MALLORCA              |    65.614     |      45.516       |   2.035   |   1.717   |   0.844   |   2.897
64.  	BOLOGNA               |    64.749     |      44.726       |   1.982   |   1.678   |   0.847   |   2.842
65.  	VALENCIA              |    64.448     |      44.884       |   2.001   |   1.615   |   0.807   |   2.607
66.  	ASTON VILLA           |    63.969     |      45.021       |   2.024   |   1.531   |   0.756   |   2.316
67.  	MAINZ                 |    64.655     |      44.297       |   1.948   |   1.715   |   0.881   |   3.020
68.  	INTERNACIONAL         |    63.165     |      44.880       |   2.028   |   1.436   |   0.708   |   2.034
69.  	ST ETIENNE            |    63.186     |      44.380       |   1.980   |   1.491   |   0.753   |   2.246
70.  	SPORTING              |    63.093     |      44.443       |   1.988   |   1.472   |   0.740   |   2.179
71.  	ESPANYOL              |    62.802     |      44.487       |   1.998   |   1.428   |   0.715   |   2.041
72.  	SAMPDORIA             |    63.817     |      43.736       |   1.914   |   1.654   |   0.864   |   2.860
73.  	CRYSTAL PALACE        |    62.817     |      44.082       |   1.960   |   1.472   |   0.751   |   2.212
74.  	VALLADOLID            |    62.244     |      43.951       |   1.959   |   1.409   |   0.719   |   2.028
75.  	BORDEAUX              |    62.055     |      43.775       |   1.946   |   1.403   |   0.721   |   2.022
76.  	NICE                  |    62.272     |      42.876       |   1.866   |   1.529   |   0.819   |   2.505
77.  	WEST BROM             |    61.985     |      42.854       |   1.867   |   1.491   |   0.798   |   2.381
78.  	AUGSBURG              |    62.395     |      42.332       |   1.823   |   1.609   |   0.883   |   2.842
79.  	HELLAS VERONA         |    62.298     |      42.189       |   1.813   |   1.612   |   0.889   |   2.867
80.  	BRAGA                 |    62.284     |      42.161       |   1.811   |   1.613   |   0.891   |   2.874
81.  	UNION BERLIN          |    61.824     |      41.917       |   1.797   |   1.575   |   0.876   |   2.759
82.  	MONTPELLIER           |    61.460     |      42.091       |   1.814   |   1.503   |   0.829   |   2.491
83.  	WERDER BREMEN         |    61.710     |      41.574       |   1.774   |   1.599   |   0.901   |   2.882
84.  	NEWCASTLE             |    61.254     |      41.795       |   1.793   |   1.508   |   0.841   |   2.535
85.  	UDINESE               |    60.276     |      41.291       |   1.764   |   1.429   |   0.810   |   2.315
86.  	REIMS                 |    59.552     |      40.955       |   1.745   |   1.369   |   0.785   |   2.148
87.  	NANTES                |    59.056     |      40.468       |   1.713   |   1.356   |   0.792   |   2.148
88.  	STUTTGART             |    60.022     |      39.498       |   1.648   |   1.604   |   0.973   |   3.122
89.  	ALAVES                |    58.815     |      40.072       |   1.687   |   1.367   |   0.811   |   2.217
90.  	VITORIA DE GUIMARAES  |    58.977     |      39.936       |   1.677   |   1.404   |   0.837   |   2.351
91.  	PARMA                 |    59.578     |      38.812       |   1.609   |   1.625   |   1.010   |   3.282
92.  	NIMES                 |    58.635     |      38.862       |   1.611   |   1.481   |   0.919   |   2.723
93.  	SCHALKE 04            |    57.970     |      38.254       |   1.576   |   1.460   |   0.927   |   2.706
94.  	ANGERS                |    56.973     |      38.449       |   1.586   |   1.304   |   0.822   |   2.145
95.  	FULHAM                |    57.154     |      38.311       |   1.578   |   1.343   |   0.851   |   2.286
96.  	SAO PAULO             |    56.492     |      38.359       |   1.580   |   1.253   |   0.793   |   1.987
97.  	ARMINIA               |    56.771     |      37.309       |   1.521   |   1.407   |   0.925   |   2.602
98.  	RIO AVE               |    56.737     |      37.178       |   1.514   |   1.418   |   0.936   |   2.655
99.  	GENOA                 |    56.886     |      36.739       |   1.493   |   1.493   |   1.000   |   2.985
100.  	TORINO                |    56.485     |      36.472       |   1.478   |   1.469   |   0.994   |   2.920
101.  	STRASBOURG            |    55.164     |      36.057       |   1.450   |   1.337   |   0.922   |   2.467
102.  	LENS                  |    54.719     |      36.105       |   1.449   |   1.273   |   0.879   |   2.238
103.  	LORIENT               |    54.782     |      35.270       |   1.411   |   1.380   |   0.978   |   2.700
104.  	CAGLIARI              |    54.115     |      35.050       |   1.395   |   1.316   |   0.944   |   2.484
105.  	METZ                  |    53.425     |      35.273       |   1.399   |   1.202   |   0.859   |   2.066
106.  	CORINTHIANS           |    53.844     |      34.886       |   1.385   |   1.300   |   0.938   |   2.439
107.  	DIJON                 |    53.484     |      34.435       |   1.363   |   1.306   |   0.958   |   2.503
108.  	ATHLETICO-PR          |    51.747     |      33.932       |   1.322   |   1.142   |   0.864   |   1.973
109.  	FLUMINENSE            |    51.318     |      33.306       |   1.292   |   1.159   |   0.897   |   2.078
110.  	BREST                 |    50.994     |      31.599       |   1.230   |   1.325   |   1.077   |   2.854
111.  	VASCO                 |    50.152     |      31.948       |   1.227   |   1.169   |   0.953   |   2.227
112.  	SANTOS                |    49.610     |      31.271       |   1.197   |   1.181   |   0.986   |   2.330
113.  	BRESCIA               |    49.556     |      29.762       |   1.157   |   1.374   |   1.188   |   3.265
114.  	SANTA CLARA           |    48.676     |      30.289       |   1.154   |   1.181   |   1.024   |   2.419
115.  	CEARA                 |    47.830     |      30.255       |   1.136   |   1.078   |   0.949   |   2.046
116.  	BRAGANTINO            |    47.392     |      29.164       |   1.101   |   1.156   |   1.049   |   2.426
117.  	BAHIA                 |    47.357     |      28.909       |   1.095   |   1.185   |   1.082   |   2.563
118.  	FORTALEZA             |    46.600     |      29.321       |   1.088   |   1.037   |   0.953   |   1.976
119.  	PORTIMONENSE          |    46.913     |      28.975       |   1.087   |   1.118   |   1.028   |   2.298
120.  	LECCE                 |    48.076     |      28.010       |   1.093   |   1.418   |   1.298   |   3.679
121.  	SPAL                  |    46.238     |      27.480       |   1.045   |   1.228   |   1.175   |   2.886
122.  	GIL VICENTE           |    45.510     |      27.599       |   1.030   |   1.113   |   1.080   |   2.404
123.  	FAMALICAO             |    45.228     |      26.993       |   1.014   |   1.157   |   1.141   |   2.641
124.  	MARITIMO              |    44.232     |      27.136       |   0.992   |   1.009   |   1.017   |   2.053
125.  	BOAVISTA              |    43.097     |      26.192       |   0.950   |   0.986   |   1.038   |   2.047
126.  	PACOS DE FERREIRA     |    43.812     |      25.713       |   0.964   |   1.145   |   1.188   |   2.720
127.  	MOREIRENSE            |    43.181     |      25.868       |   0.949   |   1.039   |   1.095   |   2.274
128.  	BOTAFOGO              |    42.080     |      25.537       |   0.915   |   0.943   |   1.030   |   1.943
129.  	GOIAS                 |    41.962     |      24.603       |   0.905   |   1.052   |   1.163   |   2.447
130.  	TONDELA               |    41.255     |      23.961       |   0.882   |   1.049   |   1.190   |   2.497
131.  	ATLETICO-GO           |    39.490     |      23.180       |   0.827   |   0.927   |   1.122   |   2.080
132.  	CORITIBA              |    39.308     |      23.274       |   0.821   |   0.892   |   1.086   |   1.937
133.  	SPORT                 |    39.365     |      23.025       |   0.823   |   0.933   |   1.134   |   2.114
134.  	BELENENSES            |    37.298     |      21.281       |   0.760   |   0.912   |   1.201   |   2.190
135.  	VITORIA DE SETUBAL    |    35.247     |      19.972       |   0.698   |   0.836   |   1.197   |   2.002
136.  	DESPORTIVO AVES       |    28.049     |      14.544       |   0.520   |   0.747   |   1.437   |   2.146

============================================================================================================================

#           Club              |  SPI Default  |  SPI Round-Robin  |   Power   |    ATK    |    DEF    |    OFF
1.  	FLAMENGO              |    70.162     |      63.263       |   2.459   |   1.817   |   0.739   |   2.685
2.  	ATLETICO-MG           |    65.731     |      58.878       |   2.149   |   1.598   |   0.743   |   2.376
3.  	GREMIO                |    65.070     |      58.439       |   2.162   |   1.512   |   0.699   |   2.114
4.  	PALMEIRAS             |    64.746     |      58.246       |   2.175   |   1.465   |   0.673   |   1.973
5.  	INTERNACIONAL         |    63.165     |      56.553       |   2.028   |   1.436   |   0.708   |   2.034
6.  	SAO PAULO             |    56.492     |      49.817       |   1.580   |   1.253   |   0.793   |   1.987
7.  	CORINTHIANS           |    53.844     |      46.756       |   1.385   |   1.300   |   0.938   |   2.439
8.  	ATHLETICO-PR          |    51.747     |      45.103       |   1.322   |   1.142   |   0.864   |   1.973
9.  	FLUMINENSE            |    51.318     |      44.578       |   1.292   |   1.159   |   0.897   |   2.078
10.  	VASCO                 |    50.152     |      43.296       |   1.227   |   1.169   |   0.953   |   2.227
11.  	SANTOS                |    49.610     |      42.678       |   1.197   |   1.181   |   0.986   |   2.330
12.  	CEARA                 |    47.830     |      41.189       |   1.136   |   1.078   |   0.949   |   2.046
13.  	BRAGANTINO            |    47.392     |      40.442       |   1.101   |   1.156   |   1.049   |   2.426
14.  	BAHIA                 |    47.357     |      40.304       |   1.095   |   1.185   |   1.082   |   2.563
15.  	FORTALEZA             |    46.600     |      40.055       |   1.088   |   1.037   |   0.953   |   1.976
16.  	BOTAFOGO              |    42.080     |      35.730       |   0.915   |   0.943   |   1.030   |   1.943
17.  	GOIAS                 |    41.962     |      35.222       |   0.905   |   1.052   |   1.163   |   2.447
18.  	ATLETICO-GO           |    39.490     |      33.154       |   0.827   |   0.927   |   1.122   |   2.080
19.  	CORITIBA              |    39.308     |      33.097       |   0.821   |   0.892   |   1.086   |   1.937
20.  	SPORT                 |    39.365     |      33.009       |   0.823   |   0.933   |   1.134   |   2.114

============================================================================================================================

#           Club              |  SPI Default  |  SPI Round-Robin  |   Power   |    ATK    |    DEF    |    OFF
1.  	MANCHESTER CITY       |    96.699     |      81.803       |   11.926  |   4.399   |   0.369   |   3.246
2.  	LIVERPOOL             |    92.726     |      69.777       |   7.244   |   3.408   |   0.470   |   3.206
3.  	MANCHESTER UNITED     |    88.285     |      62.598       |   5.822   |   2.760   |   0.474   |   2.617
4.  	CHELSEA               |    88.828     |      62.207       |   5.564   |   2.930   |   0.527   |   3.087
5.  	WOLVERHAMPTON         |    80.412     |      52.954       |   4.290   |   2.062   |   0.481   |   1.983
6.  	LEICESTER             |    80.184     |      50.346       |   3.781   |   2.221   |   0.588   |   2.610
7.  	SOUTHAMPTON           |    78.743     |      48.651       |   3.571   |   2.134   |   0.598   |   2.551
8.  	ARSENAL               |    77.842     |      46.881       |   3.338   |   2.140   |   0.641   |   2.743
9.  	EVERTON               |    76.638     |      46.471       |   3.320   |   2.003   |   0.603   |   2.416
10.  	TOTTENHAM             |    74.615     |      43.503       |   2.976   |   1.959   |   0.658   |   2.578
11.  	BURNLEY               |    71.931     |      41.596       |   2.790   |   1.770   |   0.634   |   2.246
12.  	LEEDS                 |    70.502     |      39.238       |   2.553   |   1.778   |   0.696   |   2.476
13.  	WEST HAM              |    71.218     |      38.664       |   2.500   |   1.908   |   0.763   |   2.914
14.  	SHEFFIELD UNITED      |    69.574     |      39.229       |   2.554   |   1.674   |   0.655   |   2.194
15.  	BRIGHTON              |    68.382     |      37.024       |   2.352   |   1.705   |   0.725   |   2.473
16.  	ASTON VILLA           |    63.969     |      33.174       |   2.024   |   1.531   |   0.756   |   2.316
17.  	CRYSTAL PALACE        |    62.817     |      32.433       |   1.960   |   1.472   |   0.751   |   2.212
18.  	WEST BROM             |    61.985     |      31.117       |   1.867   |   1.491   |   0.798   |   2.381
19.  	NEWCASTLE             |    61.254     |      29.995       |   1.793   |   1.508   |   0.841   |   2.535
20.  	FULHAM                |    57.154     |      27.164       |   1.578   |   1.343   |   0.851   |   2.286

============================================================================================================================

#           Club              |  SPI Default  |  SPI Round-Robin  |   Power   |    ATK    |    DEF    |    OFF
1.  	BAYERN MUNCHEN        |    93.110     |      77.555       |   6.830   |   3.627   |   0.531   |   3.852
2.  	LEIPZIG               |    85.356     |      64.942       |   4.615   |   2.629   |   0.570   |   2.995
3.  	DORTMUND              |    82.634     |      60.425       |   3.947   |   2.486   |   0.630   |   3.132
4.  	MONCHENGLADBACH       |    81.308     |      58.764       |   3.762   |   2.383   |   0.633   |   3.018
5.  	BAYER LEVERKUSEN      |    78.302     |      54.684       |   3.308   |   2.217   |   0.670   |   2.972
6.  	WOLFSBURG             |    76.305     |      52.697       |   3.133   |   2.066   |   0.659   |   2.725
7.  	EINTRACHT FRANKFURT   |    75.467     |      50.554       |   2.889   |   2.124   |   0.735   |   3.125
8.  	HOFFENHEIM            |    70.811     |      44.430       |   2.378   |   1.978   |   0.832   |   3.290
9.  	HERTHA BERLIN         |    68.698     |      42.937       |   2.276   |   1.818   |   0.799   |   2.904
10.  	FREIBURG              |    66.529     |      40.195       |   2.080   |   1.775   |   0.853   |   3.027
11.  	KOLN                  |    66.232     |      39.330       |   2.023   |   1.814   |   0.897   |   3.255
12.  	MAINZ                 |    64.655     |      38.187       |   1.948   |   1.715   |   0.881   |   3.020
13.  	AUGSBURG              |    62.395     |      36.254       |   1.823   |   1.609   |   0.883   |   2.842
14.  	UNION BERLIN          |    61.824     |      35.875       |   1.797   |   1.575   |   0.876   |   2.759
15.  	WERDER BREMEN         |    61.710     |      35.452       |   1.774   |   1.599   |   0.901   |   2.882
16.  	STUTTGART             |    60.022     |      33.202       |   1.648   |   1.604   |   0.973   |   3.122
17.  	SCHALKE 04            |    57.970     |      32.170       |   1.576   |   1.460   |   0.927   |   2.706
18.  	ARMINIA               |    56.771     |      31.278       |   1.521   |   1.407   |   0.925   |   2.602

============================================================================================================================

#           Club              |  SPI Default  |  SPI Round-Robin  |   Power   |    ATK    |    DEF    |    OFF
1.  	PORTO                 |    79.256     |      75.361       |   3.673   |   2.151   |   0.586   |   2.520
2.  	BENFICA               |    73.838     |      69.459       |   2.806   |   1.980   |   0.706   |   2.794
3.  	SPORTING              |    63.093     |      58.810       |   1.988   |   1.472   |   0.740   |   2.179
4.  	BRAGA                 |    62.284     |      57.522       |   1.811   |   1.613   |   0.891   |   2.874
5.  	VITORIA DE GUIMARAES  |    58.977     |      54.507       |   1.677   |   1.404   |   0.837   |   2.351
6.  	RIO AVE               |    56.737     |      52.065       |   1.514   |   1.418   |   0.936   |   2.655
7.  	SANTA CLARA           |    48.676     |      44.186       |   1.154   |   1.181   |   1.024   |   2.419
8.  	PORTIMONENSE          |    46.913     |      42.513       |   1.087   |   1.118   |   1.028   |   2.298
9.  	GIL VICENTE           |    45.510     |      41.085       |   1.030   |   1.113   |   1.080   |   2.404
10.  	FAMALICAO             |    45.228     |      40.704       |   1.014   |   1.157   |   1.141   |   2.641
11.  	MARITIMO              |    44.232     |      40.007       |   0.992   |   1.009   |   1.017   |   2.053
12.  	PACOS DE FERREIRA     |    43.812     |      39.297       |   0.964   |   1.145   |   1.188   |   2.720
13.  	MOREIRENSE            |    43.181     |      38.870       |   0.949   |   1.039   |   1.095   |   2.274
14.  	BOAVISTA              |    43.097     |      38.899       |   0.950   |   0.986   |   1.038   |   2.047
15.  	TONDELA               |    41.255     |      36.909       |   0.882   |   1.049   |   1.190   |   2.497
16.  	BELENENSES            |    37.298     |      33.211       |   0.760   |   0.912   |   1.201   |   2.190
17.  	VITORIA DE SETUBAL    |    35.247     |      31.312       |   0.698   |   0.836   |   1.197   |   2.002
18.  	DESPORTIVO AVES       |    28.049     |      24.457       |   0.520   |   0.747   |   1.437   |   2.146

============================================================================================================================

#           Club              |  SPI Default  |  SPI Round-Robin  |   Power   |    ATK    |    DEF    |    OFF
1.  	BARCELONA             |    91.758     |      69.575       |   6.522   |   3.320   |   0.509   |   3.379
2.  	REAL MADRID           |    89.866     |      67.553       |   6.419   |   2.918   |   0.455   |   2.653
3.  	ATL MADRID            |    87.080     |      63.736       |   5.760   |   2.573   |   0.447   |   2.299
4.  	SEVILLA               |    82.809     |      57.210       |   4.545   |   2.281   |   0.502   |   2.290
5.  	VILLARREAL            |    82.890     |      55.335       |   4.104   |   2.453   |   0.598   |   2.933
6.  	REAL SOCIEDAD         |    77.449     |      49.243       |   3.393   |   2.062   |   0.608   |   2.507
7.  	GRANADA               |    74.618     |      45.914       |   3.024   |   1.929   |   0.638   |   2.461
8.  	OSASUNA               |    73.957     |      45.165       |   2.946   |   1.900   |   0.645   |   2.451
9.  	GETAFE                |    72.146     |      45.461       |   3.035   |   1.658   |   0.546   |   1.811
10.  	BETIS                 |    71.192     |      41.211       |   2.555   |   1.858   |   0.727   |   2.702
11.  	LEGANES               |    69.591     |      41.894       |   2.638   |   1.619   |   0.614   |   1.988
12.  	CELTA                 |    70.065     |      40.618       |   2.504   |   1.767   |   0.706   |   2.494
13.  	EIBAR                 |    68.012     |      39.188       |   2.378   |   1.641   |   0.690   |   2.264
14.  	LEVANTE               |    68.877     |      38.550       |   2.325   |   1.789   |   0.769   |   2.753
15.  	ATL BILBAO            |    67.860     |      38.965       |   2.359   |   1.641   |   0.696   |   2.282
16.  	MALLORCA              |    65.614     |      34.802       |   2.035   |   1.717   |   0.844   |   2.897
17.  	VALENCIA              |    64.448     |      34.472       |   2.001   |   1.615   |   0.807   |   2.607
18.  	ESPANYOL              |    62.802     |      34.710       |   1.998   |   1.428   |   0.715   |   2.041
19.  	VALLADOLID            |    62.244     |      34.218       |   1.959   |   1.409   |   0.719   |   2.028
20.  	ALAVES                |    58.815     |      30.376       |   1.687   |   1.367   |   0.811   |   2.217

============================================================================================================================

#           Club              |  SPI Default  |  SPI Round-Robin  |   Power   |    ATK    |    DEF    |    OFF
1.  	ATALANTA              |    83.947     |      68.111       |   4.286   |   2.535   |   0.592   |   3.000
2.  	INTER                 |    83.033     |      66.409       |   3.988   |   2.527   |   0.634   |   3.202
3.  	JUVENTUS              |    80.999     |      63.607       |   3.634   |   2.404   |   0.662   |   3.181
4.  	MILAN                 |    81.094     |      63.289       |   3.553   |   2.463   |   0.693   |   3.416
5.  	NAPOLI                |    77.136     |      59.404       |   3.239   |   2.107   |   0.651   |   2.741
6.  	ROMA                  |    76.856     |      58.052       |   3.030   |   2.204   |   0.727   |   3.207
7.  	LAZIO                 |    71.319     |      51.794       |   2.507   |   1.915   |   0.764   |   2.926
8.  	FIORENTINA            |    67.443     |      48.227       |   2.258   |   1.686   |   0.747   |   2.517
9.  	SASSUOLO              |    67.619     |      46.643       |   2.110   |   1.879   |   0.891   |   3.349
10.  	BOLOGNA               |    64.749     |      44.473       |   1.982   |   1.678   |   0.847   |   2.842
11.  	SAMPDORIA             |    63.817     |      43.417       |   1.914   |   1.654   |   0.864   |   2.860
12.  	HELLAS VERONA         |    62.298     |      41.771       |   1.813   |   1.612   |   0.889   |   2.867
13.  	UDINESE               |    60.276     |      40.887       |   1.764   |   1.429   |   0.810   |   2.315
14.  	PARMA                 |    59.578     |      38.133       |   1.609   |   1.625   |   1.010   |   3.282
15.  	GENOA                 |    56.886     |      35.967       |   1.493   |   1.493   |   1.000   |   2.985
16.  	TORINO                |    56.485     |      35.692       |   1.478   |   1.469   |   0.994   |   2.920
17.  	CAGLIARI              |    54.115     |      34.244       |   1.395   |   1.316   |   0.944   |   2.484
18.  	BRESCIA               |    49.556     |      28.563       |   1.157   |   1.374   |   1.188   |   3.265
19.  	LECCE                 |    48.076     |      26.676       |   1.093   |   1.418   |   1.298   |   3.679
20.  	SPAL                  |    46.238     |      26.216       |   1.045   |   1.228   |   1.175   |   2.886

============================================================================================================================

#           Club              |  SPI Default  |  SPI Round-Robin  |   Power   |    ATK    |    DEF    |    OFF
1.  	PSG                   |    89.276     |      76.629       |   5.185   |   3.148   |   0.607   |   3.824
2.  	LYON                  |    76.051     |      60.259       |   3.155   |   2.022   |   0.641   |   2.593
3.  	MARSEILLE             |    68.682     |      51.435       |   2.322   |   1.769   |   0.762   |   2.695
4.  	RENNES                |    67.683     |      51.317       |   2.364   |   1.617   |   0.684   |   2.212
5.  	LILLE                 |    67.504     |      51.145       |   2.351   |   1.608   |   0.684   |   2.201
6.  	MONACO                |    68.001     |      50.253       |   2.214   |   1.799   |   0.812   |   2.923
7.  	ST ETIENNE            |    63.186     |      46.362       |   1.980   |   1.491   |   0.753   |   2.246
8.  	BORDEAUX              |    62.055     |      45.683       |   1.946   |   1.403   |   0.721   |   2.022
9.  	NICE                  |    62.272     |      44.852       |   1.866   |   1.529   |   0.819   |   2.505
10.  	MONTPELLIER           |    61.460     |      44.032       |   1.814   |   1.503   |   0.829   |   2.491
11.  	REIMS                 |    59.552     |      42.787       |   1.745   |   1.369   |   0.785   |   2.148
12.  	NANTES                |    59.056     |      42.280       |   1.713   |   1.356   |   0.792   |   2.148
13.  	NIMES                 |    58.635     |      40.694       |   1.611   |   1.481   |   0.919   |   2.723
14.  	ANGERS                |    56.973     |      40.178       |   1.586   |   1.304   |   0.822   |   2.145
15.  	STRASBOURG            |    55.164     |      37.722       |   1.450   |   1.337   |   0.922   |   2.467
16.  	LENS                  |    54.719     |      37.745       |   1.449   |   1.273   |   0.879   |   2.238
17.  	LORIENT               |    54.782     |      36.920       |   1.411   |   1.380   |   0.978   |   2.700
18.  	METZ                  |    53.425     |      36.854       |   1.399   |   1.202   |   0.859   |   2.066
19.  	DIJON                 |    53.484     |      36.024       |   1.363   |   1.306   |   0.958   |   2.503
20.  	BREST                 |    50.994     |      33.059       |   1.230   |   1.325   |   1.077   |   2.854
