#           Club              |  SPI Default  |  SPI Round-Robin  |   Power   |    ATK    |    DEF    |    OFF
1.  	BAYERN MUNCHEN        |    93.782     |      82.103       |   7.090   |   3.789   |   0.534   |   4.049
2.  	MANCHESTER CITY       |    93.063     |      82.035       |   7.837   |   3.382   |   0.432   |   2.919
3.  	BARCELONA             |    91.613     |      78.511       |   6.228   |   3.362   |   0.540   |   3.630
4.  	LIVERPOOL             |    91.006     |      77.462       |   5.958   |   3.288   |   0.552   |   3.630
5.  	ATL MADRID            |    88.598     |      75.802       |   6.370   |   2.694   |   0.423   |   2.278
6.  	DORTMUND              |    87.633     |      72.948       |   5.202   |   2.817   |   0.541   |   3.050
7.  	CHELSEA               |    87.370     |      72.691       |   5.185   |   2.775   |   0.535   |   2.969
8.  	PSG                   |    87.683     |      72.225       |   4.870   |   2.942   |   0.604   |   3.554
9.  	REAL MADRID           |    87.059     |      72.519       |   5.227   |   2.708   |   0.518   |   2.806
10.  	MANCHESTER UNITED     |    85.114     |      69.387       |   4.560   |   2.610   |   0.572   |   2.988
11.  	LEIPZIG               |    84.284     |      68.759       |   4.560   |   2.483   |   0.544   |   2.704
12.  	REAL SOCIEDAD         |    83.952     |      68.655       |   4.616   |   2.416   |   0.523   |   2.528
13.  	TOTTENHAM             |    83.121     |      67.069       |   4.261   |   2.423   |   0.569   |   2.755
14.  	MILAN                 |    83.374     |      65.829       |   3.844   |   2.653   |   0.690   |   3.661
15.  	NAPOLI                |    82.179     |      65.950       |   4.112   |   2.349   |   0.571   |   2.684
16.  	JUVENTUS              |    82.334     |      65.525       |   3.952   |   2.439   |   0.617   |   3.011
17.  	INTER                 |    82.829     |      64.888       |   3.700   |   2.646   |   0.715   |   3.785
18.  	VILLARREAL            |    80.619     |      63.825       |   3.793   |   2.273   |   0.599   |   2.724
19.  	SEVILLA               |    79.998     |      64.108       |   3.996   |   2.111   |   0.528   |   2.231
20.  	BAYER LEVERKUSEN      |    78.248     |      61.066       |   3.464   |   2.125   |   0.613   |   2.606
21.  	LEICESTER             |    78.276     |      60.598       |   3.355   |   2.187   |   0.652   |   2.851
22.  	ARSENAL               |    77.565     |      60.541       |   3.435   |   2.055   |   0.598   |   2.460
23.  	ATALANTA              |    78.384     |      59.766       |   3.173   |   2.313   |   0.729   |   3.373
24.  	LYON                  |    77.122     |      60.129       |   3.399   |   2.020   |   0.594   |   2.401
25.  	SOUTHAMPTON           |    77.462     |      59.527       |   3.226   |   2.156   |   0.668   |   2.883
26.  	ROMA                  |    77.821     |      58.933       |   3.076   |   2.303   |   0.749   |   3.450
27.  	WEST HAM              |    77.102     |      59.209       |   3.202   |   2.125   |   0.664   |   2.820
28.  	MONCHENGLADBACH       |    77.429     |      58.900       |   3.108   |   2.227   |   0.717   |   3.192
29.  	MONACO                |    76.141     |      56.756       |   2.855   |   2.242   |   0.785   |   3.521
30.  	ASTON VILLA           |    75.575     |      57.058       |   2.950   |   2.094   |   0.710   |   2.974
31.  	WOLVERHAMPTON         |    74.167     |      57.578       |   3.195   |   1.789   |   0.560   |   2.003
32.  	BENFICA               |    74.957     |      56.492       |   2.905   |   2.048   |   0.705   |   2.886
33.  	EVERTON               |    75.057     |      56.214       |   2.851   |   2.100   |   0.736   |   3.093
34.  	BRIGHTON              |    74.259     |      56.289       |   2.930   |   1.946   |   0.664   |   2.585
35.  	PORTO                 |    73.976     |      55.600       |   2.835   |   1.976   |   0.697   |   2.755
36.  	EINTRACHT FRANKFURT   |    73.616     |      54.263       |   2.657   |   2.072   |   0.780   |   3.233
37.  	WOLFSBURG             |    72.938     |      54.561       |   2.746   |   1.916   |   0.698   |   2.674
38.  	ATL BILBAO            |    72.171     |      54.895       |   2.862   |   1.752   |   0.612   |   2.145
39.  	LEEDS                 |    73.085     |      54.102       |   2.667   |   1.996   |   0.748   |   2.988
40.  	LILLE                 |    72.032     |      54.228       |   2.759   |   1.802   |   0.653   |   2.355
41.  	HERTHA BERLIN         |    71.728     |      52.508       |   2.525   |   1.949   |   0.772   |   3.009
42.  	GETAFE                |    69.453     |      53.056       |   2.762   |   1.533   |   0.555   |   1.703
43.  	CELTA                 |    70.438     |      51.435       |   2.452   |   1.857   |   0.757   |   2.814
44.  	UNION BERLIN          |    70.433     |      51.361       |   2.443   |   1.865   |   0.764   |   2.848
45.  	LAZIO                 |    70.478     |      50.863       |   2.380   |   1.932   |   0.812   |   3.137
46.  	HOFFENHEIM            |    70.581     |      50.465       |   2.331   |   2.000   |   0.858   |   3.430
47.  	SPORTING              |    69.010     |      50.438       |   2.393   |   1.741   |   0.727   |   2.532
48.  	OSASUNA               |    68.565     |      50.671       |   2.446   |   1.647   |   0.673   |   2.218
49.  	MARSEILLE             |    68.700     |      50.384       |   2.401   |   1.699   |   0.707   |   2.403
50.  	FLAMENGO              |    69.377     |      49.554       |   2.276   |   1.904   |   0.837   |   3.187
51.  	BETIS                 |    69.042     |      49.485       |   2.280   |   1.857   |   0.814   |   3.023
52.  	RENNES                |    67.836     |      49.529       |   2.333   |   1.661   |   0.712   |   2.364
53.  	VALENCIA              |    68.251     |      48.890       |   2.243   |   1.798   |   0.802   |   2.882
54.  	SASSUOLO              |    68.329     |      47.833       |   2.135   |   1.941   |   0.909   |   3.529
55.  	GRANADA               |    67.277     |      48.147       |   2.196   |   1.730   |   0.788   |   2.726
56.  	ALAVES                |    66.061     |      48.000       |   2.222   |   1.564   |   0.704   |   2.201
57.  	LEVANTE               |    66.367     |      47.313       |   2.138   |   1.685   |   0.788   |   2.657
58.  	EIBAR                 |    64.611     |      47.437       |   2.210   |   1.421   |   0.643   |   1.827
59.  	STUTTGART             |    66.252     |      46.072       |   2.024   |   1.815   |   0.897   |   3.255
60.  	ATLETICO-MG           |    65.884     |      46.155       |   2.039   |   1.746   |   0.856   |   2.989
61.  	NEWCASTLE             |    64.843     |      46.143       |   2.063   |   1.589   |   0.770   |   2.448
62.  	CRYSTAL PALACE        |    64.856     |      46.132       |   2.061   |   1.592   |   0.772   |   2.459
63.  	WERDER BREMEN         |    64.903     |      45.528       |   2.004   |   1.668   |   0.832   |   2.777
64.  	KOLN                  |    64.338     |      44.816       |   1.953   |   1.666   |   0.853   |   2.841
65.  	CADIZ                 |    62.682     |      45.854       |   2.094   |   1.324   |   0.632   |   1.675
66.  	BRAGA                 |    63.990     |      44.896       |   1.966   |   1.604   |   0.816   |   2.617
67.  	GREMIO                |    63.427     |      45.072       |   1.994   |   1.503   |   0.754   |   2.267
68.  	FIORENTINA            |    63.409     |      44.432       |   1.937   |   1.571   |   0.811   |   2.550
69.  	FULHAM                |    63.286     |      43.999       |   1.903   |   1.603   |   0.843   |   2.702
70.  	SHEFFIELD UNITED      |    62.159     |      44.096       |   1.930   |   1.432   |   0.742   |   2.126
71.  	SAO PAULO             |    62.336     |      43.709       |   1.893   |   1.499   |   0.792   |   2.373
72.  	MONTPELLIER           |    62.990     |      43.232       |   1.847   |   1.650   |   0.893   |   2.948
73.  	PALMEIRAS             |    61.930     |      43.505       |   1.883   |   1.464   |   0.778   |   2.278
74.  	BURNLEY               |    61.291     |      43.188       |   1.866   |   1.411   |   0.756   |   2.135
75.  	HUESCA                |    61.258     |      42.974       |   1.848   |   1.430   |   0.773   |   2.211
76.  	VALLADOLID            |    60.886     |      42.642       |   1.826   |   1.415   |   0.775   |   2.192
77.  	BOLOGNA               |    61.688     |      42.036       |   1.773   |   1.598   |   0.901   |   2.881
78.  	FREIBURG              |    61.634     |      41.824       |   1.759   |   1.616   |   0.919   |   2.969
79.  	LENS                  |    61.067     |      42.018       |   1.777   |   1.510   |   0.850   |   2.565
80.  	HELLAS VERONA         |    60.295     |      41.460       |   1.743   |   1.464   |   0.840   |   2.460
81.  	INTERNACIONAL         |    59.766     |      41.585       |   1.757   |   1.378   |   0.784   |   2.162
82.  	AUGSBURG              |    60.029     |      41.125       |   1.722   |   1.465   |   0.851   |   2.493
83.  	NICE                  |    60.055     |      40.851       |   1.703   |   1.501   |   0.881   |   2.644
84.  	UDINESE               |    59.304     |      41.025       |   1.720   |   1.377   |   0.801   |   2.205
85.  	ANGERS                |    59.538     |      40.239       |   1.666   |   1.499   |   0.900   |   2.697
86.  	BORDEAUX              |    57.959     |      40.378       |   1.682   |   1.271   |   0.755   |   1.919
87.  	SAMPDORIA             |    58.373     |      38.875       |   1.586   |   1.496   |   0.943   |   2.820
88.  	ELCHE                 |    57.443     |      39.355       |   1.615   |   1.313   |   0.813   |   2.133
89.  	TORINO                |    58.704     |      38.310       |   1.556   |   1.617   |   1.039   |   3.360
90.  	NANTES                |    57.571     |      38.763       |   1.579   |   1.396   |   0.884   |   2.468
91.  	MAINZ                 |    58.312     |      37.955       |   1.537   |   1.604   |   1.043   |   3.346
92.  	BREST                 |    58.268     |      37.879       |   1.534   |   1.607   |   1.048   |   3.369
93.  	STRASBOURG            |    56.932     |      37.619       |   1.516   |   1.443   |   0.952   |   2.747
94.  	CAGLIARI              |    57.218     |      37.405       |   1.506   |   1.511   |   1.003   |   3.032
95.  	ST ETIENNE            |    56.314     |      37.984       |   1.533   |   1.315   |   0.858   |   2.257
96.  	WEST BROM             |    56.195     |      37.749       |   1.520   |   1.326   |   0.872   |   2.314
97.  	REIMS                 |    56.534     |      37.440       |   1.505   |   1.409   |   0.936   |   2.637
98.  	ARMINIA               |    54.762     |      36.111       |   1.430   |   1.324   |   0.926   |   2.452
99.  	METZ                  |    53.744     |      36.077       |   1.421   |   1.195   |   0.841   |   2.011
100.  	SPEZIA                |    53.947     |      34.892       |   1.370   |   1.361   |   0.993   |   2.702
101.  	PARMA                 |    54.165     |      34.469       |   1.356   |   1.446   |   1.067   |   3.086
102.  	SCHALKE 04            |    53.449     |      34.124       |   1.335   |   1.388   |   1.040   |   2.888
103.  	FLUMINENSE            |    52.527     |      34.652       |   1.346   |   1.200   |   0.891   |   2.139
104.  	BENEVENTO             |    53.469     |      34.040       |   1.332   |   1.402   |   1.053   |   2.952
105.  	GENOA                 |    52.981     |      33.865       |   1.320   |   1.356   |   1.027   |   2.784
106.  	BRAGANTINO            |    52.216     |      33.900       |   1.312   |   1.247   |   0.950   |   2.370
107.  	ATHLETICO-PR          |    51.146     |      33.932       |   1.300   |   1.108   |   0.852   |   1.887
108.  	RIO AVE               |    51.126     |      33.544       |   1.285   |   1.148   |   0.893   |   2.051
109.  	SANTOS                |    51.621     |      33.119       |   1.276   |   1.263   |   0.989   |   2.498
110.  	VITORIA DE GUIMARAES  |    50.801     |      33.189       |   1.267   |   1.147   |   0.905   |   2.078
111.  	CEARA                 |    50.915     |      32.328       |   1.240   |   1.266   |   1.021   |   2.586
112.  	FORTALEZA             |    49.102     |      31.992       |   1.200   |   1.072   |   0.893   |   1.916
113.  	NIMES                 |    49.844     |      31.446       |   1.197   |   1.233   |   1.030   |   2.540
114.  	CORINTHIANS           |    49.110     |      31.201       |   1.177   |   1.166   |   0.991   |   2.310
115.  	CROTONE               |    48.968     |      30.984       |   1.168   |   1.174   |   1.005   |   2.360
116.  	LORIENT               |    49.226     |      30.613       |   1.163   |   1.257   |   1.080   |   2.716
117.  	DIJON                 |    48.175     |      30.308       |   1.136   |   1.154   |   1.016   |   2.346
118.  	PACOS DE FERREIRA     |    47.742     |      29.681       |   1.113   |   1.177   |   1.058   |   2.490
119.  	BAHIA                 |    47.984     |      29.378       |   1.111   |   1.251   |   1.126   |   2.818
120.  	FAMALICAO             |    46.877     |      28.583       |   1.073   |   1.206   |   1.125   |   2.712
121.  	SANTA CLARA           |    44.740     |      27.639       |   1.008   |   1.046   |   1.038   |   2.170
122.  	BOTAFOGO              |    44.352     |      26.861       |   0.987   |   1.097   |   1.111   |   2.439
123.  	GIL VICENTE           |    43.864     |      26.891       |   0.975   |   1.029   |   1.055   |   2.171
124.  	VASCO                 |    43.820     |      26.466       |   0.969   |   1.080   |   1.114   |   2.406
125.  	ATLETICO-GO           |    43.215     |      26.594       |   0.955   |   0.984   |   1.031   |   2.029
126.  	PORTIMONENSE          |    43.262     |      26.349       |   0.953   |   1.022   |   1.072   |   2.191
127.  	BOAVISTA              |    42.717     |      25.914       |   0.934   |   1.009   |   1.080   |   2.178
128.  	MOREIRENSE            |    42.150     |      25.663       |   0.916   |   0.969   |   1.057   |   2.048
129.  	FARENSE               |    42.278     |      24.917       |   0.914   |   1.088   |   1.190   |   2.591
130.  	BELENENSES            |    39.870     |      24.878       |   0.843   |   0.791   |   0.938   |   1.484
131.  	MARITIMO              |    40.394     |      24.051       |   0.856   |   0.957   |   1.119   |   2.142
132.  	CORITIBA              |    40.043     |      23.729       |   0.844   |   0.956   |   1.132   |   2.165
133.  	GOIAS                 |    39.467     |      22.554       |   0.826   |   1.051   |   1.273   |   2.677
134.  	NACIONAL              |    38.477     |      22.419       |   0.795   |   0.935   |   1.175   |   2.197
135.  	SPORT                 |    37.283     |      21.365       |   0.760   |   0.930   |   1.224   |   2.276
136.  	TONDELA               |    35.900     |      20.064       |   0.723   |   0.942   |   1.304   |   2.458

============================================================================================================================

#           Club              |  SPI Default  |  SPI Round-Robin  |   Power   |    ATK    |    DEF    |    OFF
1.  	FLAMENGO              |    69.377     |      62.757       |   2.276   |   1.904   |   0.837   |   3.187
2.  	ATLETICO-MG           |    65.884     |      59.162       |   2.039   |   1.746   |   0.856   |   2.989
3.  	GREMIO                |    63.427     |      57.183       |   1.994   |   1.503   |   0.754   |   2.267
4.  	SAO PAULO             |    62.336     |      55.935       |   1.893   |   1.499   |   0.792   |   2.373
5.  	PALMEIRAS             |    61.930     |      55.598       |   1.883   |   1.464   |   0.778   |   2.278
6.  	INTERNACIONAL         |    59.766     |      53.451       |   1.757   |   1.378   |   0.784   |   2.162
7.  	FLUMINENSE            |    52.527     |      46.025       |   1.346   |   1.200   |   0.891   |   2.139
8.  	BRAGANTINO            |    52.216     |      45.497       |   1.312   |   1.247   |   0.950   |   2.370
9.  	SANTOS                |    51.621     |      44.785       |   1.276   |   1.263   |   0.989   |   2.498
10.  	ATHLETICO-PR          |    51.146     |      44.878       |   1.300   |   1.108   |   0.852   |   1.887
11.  	CEARA                 |    50.915     |      44.002       |   1.240   |   1.266   |   1.021   |   2.586
12.  	FORTALEZA             |    49.102     |      42.782       |   1.200   |   1.072   |   0.893   |   1.916
13.  	CORINTHIANS           |    49.110     |      42.419       |   1.177   |   1.166   |   0.991   |   2.310
14.  	BAHIA                 |    47.984     |      40.897       |   1.111   |   1.251   |   1.126   |   2.818
15.  	BOTAFOGO              |    44.352     |      37.593       |   0.987   |   1.097   |   1.111   |   2.439
16.  	VASCO                 |    43.820     |      37.096       |   0.969   |   1.080   |   1.114   |   2.406
17.  	ATLETICO-GO           |    43.215     |      36.812       |   0.955   |   0.984   |   1.031   |   2.029
18.  	CORITIBA              |    40.043     |      33.602       |   0.844   |   0.956   |   1.132   |   2.165
19.  	GOIAS                 |    39.467     |      32.685       |   0.826   |   1.051   |   1.273   |   2.677
20.  	SPORT                 |    37.283     |      30.863       |   0.760   |   0.930   |   1.224   |   2.276

============================================================================================================================

#           Club              |  SPI Default  |  SPI Round-Robin  |   Power   |    ATK    |    DEF    |    OFF
1.  	MANCHESTER CITY       |    93.063     |      73.045       |   7.837   |   3.382   |   0.432   |   2.919
2.  	LIVERPOOL             |    91.006     |      66.794       |   5.958   |   3.288   |   0.552   |   3.630
3.  	CHELSEA               |    87.370     |      61.522       |   5.185   |   2.775   |   0.535   |   2.969
4.  	MANCHESTER UNITED     |    85.114     |      57.685       |   4.560   |   2.610   |   0.572   |   2.988
5.  	TOTTENHAM             |    83.121     |      55.299       |   4.261   |   2.423   |   0.569   |   2.755
6.  	LEICESTER             |    78.276     |      48.167       |   3.355   |   2.187   |   0.652   |   2.851
7.  	ARSENAL               |    77.565     |      48.544       |   3.435   |   2.055   |   0.598   |   2.460
8.  	SOUTHAMPTON           |    77.462     |      47.003       |   3.226   |   2.156   |   0.668   |   2.883
9.  	WEST HAM              |    77.102     |      46.735       |   3.202   |   2.125   |   0.664   |   2.820
10.  	WOLVERHAMPTON         |    74.167     |      46.053       |   3.195   |   1.789   |   0.560   |   2.003
11.  	ASTON VILLA           |    75.575     |      44.335       |   2.950   |   2.094   |   0.710   |   2.974
12.  	BRIGHTON              |    74.259     |      43.971       |   2.930   |   1.946   |   0.664   |   2.585
13.  	EVERTON               |    75.057     |      43.347       |   2.851   |   2.100   |   0.736   |   3.093
14.  	LEEDS                 |    73.085     |      41.305       |   2.667   |   1.996   |   0.748   |   2.988
15.  	NEWCASTLE             |    64.843     |      34.116       |   2.063   |   1.589   |   0.770   |   2.448
16.  	CRYSTAL PALACE        |    64.856     |      34.092       |   2.061   |   1.592   |   0.772   |   2.459
17.  	SHEFFIELD UNITED      |    62.159     |      32.593       |   1.930   |   1.432   |   0.742   |   2.126
18.  	FULHAM                |    63.286     |      31.803       |   1.903   |   1.603   |   0.843   |   2.702
19.  	BURNLEY               |    61.291     |      31.731       |   1.866   |   1.411   |   0.756   |   2.135
20.  	WEST BROM             |    56.195     |      26.536       |   1.520   |   1.326   |   0.872   |   2.314

============================================================================================================================

#           Club              |  SPI Default  |  SPI Round-Robin  |   Power   |    ATK    |    DEF    |    OFF
1.  	BAYERN MUNCHEN        |    93.782     |      78.618       |   7.090   |   3.789   |   0.534   |   4.049
2.  	DORTMUND              |    87.633     |      68.460       |   5.202   |   2.817   |   0.541   |   3.050
3.  	LEIPZIG               |    84.284     |      63.973       |   4.560   |   2.483   |   0.544   |   2.704
4.  	BAYER LEVERKUSEN      |    78.248     |      55.672       |   3.464   |   2.125   |   0.613   |   2.606
5.  	MONCHENGLADBACH       |    77.429     |      53.049       |   3.108   |   2.227   |   0.717   |   3.192
6.  	WOLFSBURG             |    72.938     |      48.718       |   2.746   |   1.916   |   0.698   |   2.674
7.  	EINTRACHT FRANKFURT   |    73.616     |      48.108       |   2.657   |   2.072   |   0.780   |   3.233
8.  	HERTHA BERLIN         |    71.728     |      46.379       |   2.525   |   1.949   |   0.772   |   3.009
9.  	UNION BERLIN          |    70.433     |      45.268       |   2.443   |   1.865   |   0.764   |   2.848
10.  	HOFFENHEIM            |    70.581     |      44.037       |   2.331   |   2.000   |   0.858   |   3.430
11.  	STUTTGART             |    66.252     |      39.592       |   2.024   |   1.815   |   0.897   |   3.255
12.  	WERDER BREMEN         |    64.903     |      39.292       |   2.004   |   1.668   |   0.832   |   2.777
13.  	KOLN                  |    64.338     |      38.530       |   1.953   |   1.666   |   0.853   |   2.841
14.  	FREIBURG              |    61.634     |      35.431       |   1.759   |   1.616   |   0.919   |   2.969
15.  	AUGSBURG              |    60.029     |      35.006       |   1.722   |   1.465   |   0.851   |   2.493
16.  	MAINZ                 |    58.312     |      31.382       |   1.537   |   1.604   |   1.043   |   3.346
17.  	ARMINIA               |    54.762     |      30.048       |   1.430   |   1.324   |   0.926   |   2.452
18.  	SCHALKE 04            |    53.449     |      27.857       |   1.335   |   1.388   |   1.040   |   2.888

============================================================================================================================

#           Club              |  SPI Default  |  SPI Round-Robin  |   Power   |    ATK    |    DEF    |    OFF
1.  	BENFICA               |    74.957     |      70.629       |   2.905   |   2.048   |   0.705   |   2.886
2.  	PORTO                 |    73.976     |      69.677       |   2.835   |   1.976   |   0.697   |   2.755
3.  	SPORTING              |    69.010     |      64.646       |   2.393   |   1.741   |   0.727   |   2.532
4.  	BRAGA                 |    63.990     |      59.437       |   1.966   |   1.604   |   0.816   |   2.617
5.  	RIO AVE               |    51.126     |      46.835       |   1.285   |   1.148   |   0.893   |   2.051
6.  	VITORIA DE GUIMARAES  |    50.801     |      46.496       |   1.267   |   1.147   |   0.905   |   2.078
7.  	PACOS DE FERREIRA     |    47.742     |      43.258       |   1.113   |   1.177   |   1.058   |   2.490
8.  	FAMALICAO             |    46.877     |      42.314       |   1.073   |   1.206   |   1.125   |   2.712
9.  	SANTA CLARA           |    44.740     |      40.471       |   1.008   |   1.046   |   1.038   |   2.170
10.  	GIL VICENTE           |    43.864     |      39.615       |   0.975   |   1.029   |   1.055   |   2.171
11.  	PORTIMONENSE          |    43.262     |      39.019       |   0.953   |   1.022   |   1.072   |   2.191
12.  	BOAVISTA              |    42.717     |      38.495       |   0.934   |   1.009   |   1.080   |   2.178
13.  	FARENSE               |    42.278     |      37.898       |   0.914   |   1.088   |   1.190   |   2.591
14.  	MOREIRENSE            |    42.150     |      38.004       |   0.916   |   0.969   |   1.057   |   2.048
15.  	MARITIMO              |    40.394     |      36.256       |   0.856   |   0.957   |   1.119   |   2.142
16.  	BELENENSES            |    39.870     |      36.087       |   0.843   |   0.791   |   0.938   |   1.484
17.  	NACIONAL              |    38.477     |      34.385       |   0.795   |   0.935   |   1.175   |   2.197
18.  	TONDELA               |    35.900     |      31.832       |   0.723   |   0.942   |   1.304   |   2.458

============================================================================================================================

#           Club              |  SPI Default  |  SPI Round-Robin  |   Power   |    ATK    |    DEF    |    OFF
1.  	BARCELONA             |    91.613     |      69.928       |   6.228   |   3.362   |   0.540   |   3.630
2.  	ATL MADRID            |    88.598     |      67.447       |   6.370   |   2.694   |   0.423   |   2.278
3.  	REAL MADRID           |    87.059     |      63.408       |   5.227   |   2.708   |   0.518   |   2.806
4.  	REAL SOCIEDAD         |    83.952     |      59.341       |   4.616   |   2.416   |   0.523   |   2.528
5.  	SEVILLA               |    79.998     |      54.736       |   3.996   |   2.111   |   0.528   |   2.231
6.  	VILLARREAL            |    80.619     |      54.037       |   3.793   |   2.273   |   0.599   |   2.724
7.  	ATL BILBAO            |    72.171     |      45.420       |   2.862   |   1.752   |   0.612   |   2.145
8.  	GETAFE                |    69.453     |      44.100       |   2.762   |   1.533   |   0.555   |   1.703
9.  	CELTA                 |    70.438     |      41.402       |   2.452   |   1.857   |   0.757   |   2.814
10.  	OSASUNA               |    68.565     |      41.196       |   2.446   |   1.647   |   0.673   |   2.218
11.  	BETIS                 |    69.042     |      39.339       |   2.280   |   1.857   |   0.814   |   3.023
12.  	VALENCIA              |    68.251     |      38.876       |   2.243   |   1.798   |   0.802   |   2.882
13.  	GRANADA               |    67.277     |      38.291       |   2.196   |   1.730   |   0.788   |   2.726
14.  	ALAVES                |    66.061     |      38.637       |   2.222   |   1.564   |   0.704   |   2.201
15.  	LEVANTE               |    66.367     |      37.552       |   2.138   |   1.685   |   0.788   |   2.657
16.  	EIBAR                 |    64.611     |      38.512       |   2.210   |   1.421   |   0.643   |   1.827
17.  	CADIZ                 |    62.682     |      37.194       |   2.094   |   1.324   |   0.632   |   1.675
18.  	HUESCA                |    61.258     |      33.875       |   1.848   |   1.430   |   0.773   |   2.211
19.  	VALLADOLID            |    60.886     |      33.586       |   1.826   |   1.415   |   0.775   |   2.192
20.  	ELCHE                 |    57.443     |      30.611       |   1.615   |   1.313   |   0.813   |   2.133

============================================================================================================================

#           Club              |  SPI Default  |  SPI Round-Robin  |   Power   |    ATK    |    DEF    |    OFF
1.  	MILAN                 |    83.374     |      66.369       |   3.844   |   2.653   |   0.690   |   3.661
2.  	NAPOLI                |    82.179     |      66.521       |   4.112   |   2.349   |   0.571   |   2.684
3.  	JUVENTUS              |    82.334     |      66.063       |   3.952   |   2.439   |   0.617   |   3.011
4.  	INTER                 |    82.829     |      65.371       |   3.700   |   2.646   |   0.715   |   3.785
5.  	ATALANTA              |    78.384     |      59.958       |   3.173   |   2.313   |   0.729   |   3.373
6.  	ROMA                  |    77.821     |      59.070       |   3.076   |   2.303   |   0.749   |   3.450
7.  	LAZIO                 |    70.478     |      50.527       |   2.380   |   1.932   |   0.812   |   3.137
8.  	SASSUOLO              |    68.329     |      47.279       |   2.135   |   1.941   |   0.909   |   3.529
9.  	FIORENTINA            |    63.409     |      43.783       |   1.937   |   1.571   |   0.811   |   2.550
10.  	BOLOGNA               |    61.688     |      41.211       |   1.773   |   1.598   |   0.901   |   2.881
11.  	HELLAS VERONA         |    60.295     |      40.660       |   1.743   |   1.464   |   0.840   |   2.460
12.  	UDINESE               |    59.304     |      40.241       |   1.720   |   1.377   |   0.801   |   2.205
13.  	SAMPDORIA             |    58.373     |      37.887       |   1.586   |   1.496   |   0.943   |   2.820
14.  	TORINO                |    58.704     |      37.224       |   1.556   |   1.617   |   1.039   |   3.360
15.  	CAGLIARI              |    57.218     |      36.312       |   1.506   |   1.511   |   1.003   |   3.032
16.  	SPEZIA                |    53.947     |      33.722       |   1.370   |   1.361   |   0.993   |   2.702
17.  	PARMA                 |    54.165     |      33.225       |   1.356   |   1.446   |   1.067   |   3.086
18.  	BENEVENTO             |    53.469     |      32.794       |   1.332   |   1.402   |   1.053   |   2.952
19.  	GENOA                 |    52.981     |      32.635       |   1.320   |   1.356   |   1.027   |   2.784
20.  	CROTONE               |    48.968     |      29.697       |   1.168   |   1.174   |   1.005   |   2.360

============================================================================================================================

#           Club              |  SPI Default  |  SPI Round-Robin  |   Power   |    ATK    |    DEF    |    OFF
1.  	PSG                   |    87.683     |      75.209       |   4.870   |   2.942   |   0.604   |   3.554
2.  	LYON                  |    77.122     |      62.766       |   3.399   |   2.020   |   0.594   |   2.401
3.  	MONACO                |    76.141     |      59.627       |   2.855   |   2.242   |   0.785   |   3.521
4.  	LILLE                 |    72.032     |      56.740       |   2.759   |   1.802   |   0.653   |   2.355
5.  	MARSEILLE             |    68.700     |      52.806       |   2.401   |   1.699   |   0.707   |   2.403
6.  	RENNES                |    67.836     |      51.915       |   2.333   |   1.661   |   0.712   |   2.364
7.  	MONTPELLIER           |    62.990     |      45.503       |   1.847   |   1.650   |   0.893   |   2.948
8.  	LENS                  |    61.067     |      44.167       |   1.777   |   1.510   |   0.850   |   2.565
9.  	NICE                  |    60.055     |      42.961       |   1.703   |   1.501   |   0.881   |   2.644
10.  	ANGERS                |    59.538     |      42.329       |   1.666   |   1.499   |   0.900   |   2.697
11.  	BORDEAUX              |    57.959     |      42.327       |   1.682   |   1.271   |   0.755   |   1.919
12.  	NANTES                |    57.571     |      40.746       |   1.579   |   1.396   |   0.884   |   2.468
13.  	BREST                 |    58.268     |      39.938       |   1.534   |   1.607   |   1.048   |   3.369
14.  	STRASBOURG            |    56.932     |      39.588       |   1.516   |   1.443   |   0.952   |   2.747
15.  	ST ETIENNE            |    56.314     |      39.896       |   1.533   |   1.315   |   0.858   |   2.257
16.  	REIMS                 |    56.534     |      39.384       |   1.505   |   1.409   |   0.936   |   2.637
17.  	METZ                  |    53.744     |      37.859       |   1.421   |   1.195   |   0.841   |   2.011
18.  	NIMES                 |    49.844     |      33.056       |   1.197   |   1.233   |   1.030   |   2.540
19.  	LORIENT               |    49.226     |      32.188       |   1.163   |   1.257   |   1.080   |   2.716
20.  	DIJON                 |    48.175     |      31.836       |   1.136   |   1.154   |   1.016   |   2.346
