#           Club              |  SPI Default  |  SPI Round-Robin  |   Power   |    ATK    |    DEF    |    OFF
1.  	MANCHESTER CITY       |    94.255     |      84.684       |   9.949   |   3.418   |   0.344   |   2.348
2.  	BARCELONA             |    92.661     |      80.013       |   6.730   |   3.515   |   0.522   |   3.671
3.  	BAYERN MUNCHEN        |    91.870     |      78.444       |   6.227   |   3.432   |   0.551   |   3.782
4.  	LIVERPOOL             |    90.778     |      77.473       |   6.313   |   3.136   |   0.497   |   3.116
5.  	ATL MADRID            |    87.362     |      73.539       |   5.804   |   2.608   |   0.449   |   2.344
6.  	REAL MADRID           |    87.189     |      72.692       |   5.409   |   2.678   |   0.495   |   2.652
7.  	MANCHESTER UNITED     |    87.436     |      72.194       |   5.068   |   2.824   |   0.557   |   3.148
8.  	CHELSEA               |    86.416     |      71.488       |   5.129   |   2.630   |   0.513   |   2.698
9.  	PSG                   |    85.840     |      70.062       |   4.711   |   2.673   |   0.567   |   3.032
10.  	DORTMUND              |    85.598     |      69.447       |   4.548   |   2.694   |   0.592   |   3.191
11.  	LEIPZIG               |    84.020     |      68.630       |   4.694   |   2.400   |   0.511   |   2.455
12.  	INTER                 |    83.486     |      66.114       |   3.967   |   2.607   |   0.657   |   3.426
13.  	ATALANTA              |    83.369     |      66.046       |   3.971   |   2.587   |   0.651   |   3.370
14.  	REAL SOCIEDAD         |    82.356     |      66.302       |   4.270   |   2.313   |   0.542   |   2.505
15.  	JUVENTUS              |    82.756     |      65.827       |   4.028   |   2.467   |   0.612   |   3.021
16.  	SEVILLA               |    81.864     |      66.193       |   4.355   |   2.219   |   0.510   |   2.261
17.  	VILLARREAL            |    80.365     |      63.897       |   3.927   |   2.183   |   0.556   |   2.427
18.  	NAPOLI                |    80.450     |      63.272       |   3.734   |   2.278   |   0.610   |   2.780
19.  	LEICESTER             |    80.260     |      63.370       |   3.793   |   2.226   |   0.587   |   2.612
20.  	LYON                  |    79.970     |      62.792       |   3.686   |   2.237   |   0.607   |   2.715
21.  	TOTTENHAM             |    79.092     |      61.805       |   3.571   |   2.178   |   0.610   |   2.658
22.  	MILAN                 |    79.835     |      61.223       |   3.339   |   2.410   |   0.722   |   3.478
23.  	ARSENAL               |    78.741     |      62.036       |   3.688   |   2.081   |   0.564   |   2.350
24.  	ASTON VILLA           |    78.397     |      60.549       |   3.371   |   2.193   |   0.650   |   2.853
25.  	BAYER LEVERKUSEN      |    77.554     |      60.431       |   3.457   |   2.043   |   0.591   |   2.416
26.  	WEST HAM              |    77.582     |      59.758       |   3.299   |   2.129   |   0.645   |   2.747
27.  	MONCHENGLADBACH       |    77.669     |      59.020       |   3.140   |   2.238   |   0.713   |   3.191
28.  	EINTRACHT FRANKFURT   |    77.228     |      58.199       |   3.031   |   2.254   |   0.744   |   3.352
29.  	ROMA                  |    77.133     |      57.859       |   2.981   |   2.279   |   0.764   |   3.484
30.  	WOLFSBURG             |    76.252     |      58.504       |   3.188   |   2.027   |   0.636   |   2.578
31.  	PORTO                 |    75.647     |      57.468       |   3.046   |   2.039   |   0.669   |   2.730
32.  	MONACO                |    75.769     |      56.214       |   2.822   |   2.219   |   0.786   |   3.489
33.  	BRIGHTON              |    74.624     |      56.983       |   3.054   |   1.913   |   0.626   |   2.396
34.  	EVERTON               |    74.141     |      55.952       |   2.906   |   1.947   |   0.670   |   2.609
35.  	LILLE                 |    73.418     |      56.388       |   3.059   |   1.776   |   0.581   |   2.063
36.  	SOUTHAMPTON           |    73.880     |      55.625       |   2.871   |   1.940   |   0.676   |   2.621
37.  	LEEDS                 |    74.387     |      54.570       |   2.671   |   2.162   |   0.810   |   3.501
38.  	ATL BILBAO            |    73.015     |      55.350       |   2.896   |   1.824   |   0.630   |   2.298
39.  	LAZIO                 |    73.194     |      54.147       |   2.685   |   1.995   |   0.743   |   2.964
40.  	BETIS                 |    73.047     |      54.168       |   2.697   |   1.966   |   0.729   |   2.866
41.  	BENFICA               |    72.406     |      54.342       |   2.771   |   1.836   |   0.663   |   2.434
42.  	SPORTING              |    71.627     |      54.140       |   2.798   |   1.733   |   0.619   |   2.147
43.  	CELTA                 |    71.693     |      53.104       |   2.626   |   1.859   |   0.708   |   2.634
44.  	WOLVERHAMPTON         |    70.581     |      53.092       |   2.700   |   1.683   |   0.623   |   2.098
45.  	FLAMENGO              |    71.299     |      51.479       |   2.429   |   1.988   |   0.818   |   3.254
46.  	STUTTGART             |    70.745     |      50.689       |   2.359   |   1.990   |   0.843   |   3.356
47.  	LEVANTE               |    70.238     |      50.734       |   2.386   |   1.896   |   0.795   |   3.015
48.  	UNION BERLIN          |    69.594     |      50.972       |   2.445   |   1.763   |   0.721   |   2.541
49.  	HOFFENHEIM            |    69.920     |      49.886       |   2.301   |   1.947   |   0.846   |   3.296
50.  	GETAFE                |    67.248     |      50.498       |   2.510   |   1.467   |   0.585   |   1.715
51.  	FREIBURG              |    68.897     |      49.056       |   2.246   |   1.876   |   0.835   |   3.134
52.  	VALENCIA              |    68.155     |      48.966       |   2.262   |   1.766   |   0.780   |   2.756
53.  	EIBAR                 |    67.006     |      49.766       |   2.415   |   1.507   |   0.624   |   1.880
54.  	RENNES                |    66.519     |      48.723       |   2.299   |   1.546   |   0.673   |   2.079
55.  	OSASUNA               |    66.366     |      48.121       |   2.232   |   1.588   |   0.712   |   2.261
56.  	HERTHA BERLIN         |    66.563     |      47.659       |   2.173   |   1.669   |   0.768   |   2.565
57.  	MARSEILLE             |    66.160     |      47.733       |   2.195   |   1.601   |   0.729   |   2.335
58.  	GRANADA               |    66.408     |      47.474       |   2.158   |   1.667   |   0.772   |   2.575
59.  	CRYSTAL PALACE        |    66.031     |      47.103       |   2.131   |   1.652   |   0.775   |   2.563
60.  	ALAVES                |    65.241     |      47.294       |   2.177   |   1.516   |   0.696   |   2.111
61.  	BRAGA                 |    65.331     |      46.112       |   2.051   |   1.661   |   0.810   |   2.691
62.  	ATLETICO-MG           |    65.434     |      45.825       |   2.022   |   1.711   |   0.846   |   2.896
63.  	SASSUOLO              |    65.334     |      44.973       |   1.951   |   1.801   |   0.923   |   3.326
64.  	WERDER BREMEN         |    63.879     |      45.143       |   1.993   |   1.557   |   0.781   |   2.432
65.  	LENS                  |    63.689     |      45.035       |   1.987   |   1.542   |   0.776   |   2.392
66.  	INTERNACIONAL         |    62.954     |      44.352       |   1.940   |   1.513   |   0.780   |   2.361
67.  	FIORENTINA            |    62.420     |      43.751       |   1.896   |   1.505   |   0.793   |   2.388
68.  	FULHAM                |    62.112     |      43.899       |   1.915   |   1.445   |   0.755   |   2.182
69.  	BURNLEY               |    61.505     |      44.003       |   1.936   |   1.353   |   0.699   |   1.892
70.  	SAO PAULO             |    62.321     |      43.376       |   1.867   |   1.533   |   0.821   |   2.519
71.  	CADIZ                 |    61.445     |      43.839       |   1.922   |   1.362   |   0.709   |   1.931
72.  	NEWCASTLE             |    61.523     |      42.870       |   1.837   |   1.477   |   0.804   |   2.377
73.  	GREMIO                |    61.284     |      42.709       |   1.827   |   1.462   |   0.800   |   2.341
74.  	UDINESE               |    60.697     |      42.442       |   1.813   |   1.411   |   0.778   |   2.197
75.  	STRASBOURG            |    61.076     |      41.759       |   1.757   |   1.543   |   0.878   |   2.709
76.  	SHEFFIELD UNITED      |    60.156     |      42.309       |   1.809   |   1.353   |   0.748   |   2.024
77.  	HUESCA                |    59.935     |      41.828       |   1.773   |   1.376   |   0.776   |   2.134
78.  	HELLAS VERONA         |    60.184     |      41.574       |   1.751   |   1.437   |   0.821   |   2.360
79.  	PALMEIRAS             |    59.979     |      41.605       |   1.755   |   1.406   |   0.801   |   2.252
80.  	BORDEAUX              |    59.408     |      41.560       |   1.757   |   1.335   |   0.759   |   2.027
81.  	BOLOGNA               |    59.662     |      40.121       |   1.656   |   1.535   |   0.927   |   2.846
82.  	METZ                  |    58.424     |      40.798       |   1.708   |   1.288   |   0.754   |   1.942
83.  	TORINO                |    59.510     |      39.881       |   1.642   |   1.543   |   0.940   |   2.899
84.  	VALLADOLID            |    58.729     |      40.362       |   1.675   |   1.375   |   0.821   |   2.259
85.  	MONTPELLIER           |    59.676     |      39.475       |   1.617   |   1.620   |   1.001   |   3.244
86.  	ANGERS                |    58.509     |      40.240       |   1.668   |   1.359   |   0.815   |   2.216
87.  	REIMS                 |    58.326     |      39.887       |   1.645   |   1.375   |   0.835   |   2.297
88.  	SAMPDORIA             |    58.789     |      39.302       |   1.608   |   1.509   |   0.938   |   2.832
89.  	AUGSBURG              |    58.131     |      39.511       |   1.622   |   1.391   |   0.858   |   2.387
90.  	KOLN                  |    58.277     |      39.217       |   1.603   |   1.446   |   0.902   |   2.608
91.  	ST ETIENNE            |    57.584     |      39.304       |   1.610   |   1.341   |   0.833   |   2.233
92.  	MAINZ                 |    57.754     |      38.359       |   1.554   |   1.476   |   0.950   |   2.805
93.  	BREST                 |    58.004     |      37.728       |   1.522   |   1.596   |   1.049   |   3.347
94.  	BRAGANTINO            |    56.796     |      37.918       |   1.528   |   1.395   |   0.913   |   2.546
95.  	GENOA                 |    55.003     |      36.310       |   1.438   |   1.342   |   0.933   |   2.505
96.  	NICE                  |    54.566     |      36.054       |   1.423   |   1.313   |   0.923   |   2.425
97.  	ELCHE                 |    53.838     |      36.100       |   1.420   |   1.212   |   0.854   |   2.071
98.  	ARMINIA               |    53.824     |      35.865       |   1.408   |   1.237   |   0.879   |   2.174
99.  	SPEZIA                |    54.226     |      35.415       |   1.391   |   1.345   |   0.967   |   2.601
100.  	CAGLIARI              |    54.484     |      35.027       |   1.377   |   1.432   |   1.039   |   2.976
101.  	FLUMINENSE            |    53.763     |      35.410       |   1.387   |   1.283   |   0.925   |   2.372
102.  	BENEVENTO             |    54.170     |      35.019       |   1.374   |   1.388   |   1.010   |   2.803
103.  	PACOS DE FERREIRA     |    53.638     |      35.363       |   1.384   |   1.272   |   0.919   |   2.337
104.  	NANTES                |    53.627     |      35.280       |   1.380   |   1.280   |   0.928   |   2.375
105.  	VITORIA DE GUIMARAES  |    53.157     |      35.381       |   1.380   |   1.207   |   0.874   |   2.110
106.  	WEST BROM             |    52.877     |      34.065       |   1.323   |   1.328   |   1.004   |   2.668
107.  	ATHLETICO-PR          |    51.642     |      34.651       |   1.333   |   1.099   |   0.825   |   1.814
108.  	LORIENT               |    52.299     |      33.165       |   1.283   |   1.365   |   1.064   |   2.904
109.  	CEARA                 |    51.920     |      33.374       |   1.286   |   1.284   |   0.999   |   2.567
110.  	CORINTHIANS           |    51.308     |      33.133       |   1.269   |   1.232   |   0.971   |   2.392
111.  	SCHALKE 04            |    51.330     |      32.537       |   1.249   |   1.311   |   1.050   |   2.754
112.  	SANTOS                |    50.451     |      31.849       |   1.214   |   1.280   |   1.054   |   2.698
113.  	PARMA                 |    48.922     |      30.774       |   1.159   |   1.211   |   1.046   |   2.533
114.  	FORTALEZA             |    47.885     |      31.008       |   1.146   |   1.048   |   0.915   |   1.919
115.  	CROTONE               |    48.068     |      29.881       |   1.121   |   1.214   |   1.083   |   2.629
116.  	RIO AVE               |    46.882     |      30.001       |   1.100   |   1.043   |   0.948   |   1.978
117.  	DIJON                 |    46.739     |      29.949       |   1.095   |   1.031   |   0.941   |   1.942
118.  	BAHIA                 |    46.095     |      28.071       |   1.044   |   1.191   |   1.141   |   2.717
119.  	SANTA CLARA           |    45.025     |      27.866       |   1.016   |   1.073   |   1.057   |   2.268
120.  	ATLETICO-GO           |    44.583     |      27.803       |   1.004   |   1.024   |   1.020   |   2.090
121.  	NIMES                 |    45.083     |      27.205       |   1.007   |   1.173   |   1.165   |   2.732
122.  	PORTIMONENSE          |    44.137     |      27.264       |   0.985   |   1.037   |   1.052   |   2.182
123.  	FAMALICAO             |    43.350     |      26.270       |   0.953   |   1.067   |   1.120   |   2.389
124.  	GIL VICENTE           |    42.642     |      26.549       |   0.937   |   0.939   |   1.002   |   1.881
125.  	VASCO                 |    42.462     |      25.694       |   0.924   |   1.028   |   1.113   |   2.288
126.  	MOREIRENSE            |    41.671     |      25.730       |   0.902   |   0.921   |   1.022   |   1.883
127.  	BOAVISTA              |    40.775     |      24.535       |   0.868   |   0.966   |   1.112   |   2.148
128.  	MARITIMO              |    40.599     |      24.640       |   0.864   |   0.929   |   1.075   |   1.997
129.  	BOTAFOGO              |    40.307     |      23.585       |   0.852   |   1.041   |   1.222   |   2.544
130.  	FARENSE               |    40.049     |      23.605       |   0.844   |   1.002   |   1.187   |   2.379
131.  	BELENENSES            |    38.293     |      24.110       |   0.787   |   0.720   |   0.915   |   1.317
132.  	CORITIBA              |    38.721     |      22.829       |   0.803   |   0.936   |   1.166   |   2.183
133.  	GOIAS                 |    38.712     |      22.232       |   0.804   |   1.027   |   1.278   |   2.626
134.  	SPORT                 |    37.772     |      22.308       |   0.773   |   0.886   |   1.146   |   2.030
135.  	NACIONAL              |    36.978     |      21.535       |   0.750   |   0.894   |   1.192   |   2.130
136.  	TONDELA               |    36.769     |      21.051       |   0.746   |   0.940   |   1.260   |   2.369

============================================================================================================================

#           Club              |  SPI Default  |  SPI Round-Robin  |   Power   |    ATK    |    DEF    |    OFF
1.  	FLAMENGO              |    71.299     |      64.876       |   2.429   |   1.988   |   0.818   |   3.254
2.  	ATLETICO-MG           |    65.434     |      58.839       |   2.022   |   1.711   |   0.846   |   2.896
3.  	INTERNACIONAL         |    62.954     |      56.680       |   1.940   |   1.513   |   0.780   |   2.361
4.  	SAO PAULO             |    62.321     |      55.868       |   1.867   |   1.533   |   0.821   |   2.519
5.  	GREMIO                |    61.284     |      54.944       |   1.827   |   1.462   |   0.800   |   2.341
6.  	PALMEIRAS             |    59.979     |      53.665       |   1.755   |   1.406   |   0.801   |   2.252
7.  	BRAGANTINO            |    56.796     |      50.096       |   1.528   |   1.395   |   0.913   |   2.546
8.  	FLUMINENSE            |    53.763     |      47.139       |   1.387   |   1.283   |   0.925   |   2.372
9.  	ATHLETICO-PR          |    51.642     |      45.530       |   1.333   |   1.099   |   0.825   |   1.814
10.  	CEARA                 |    51.920     |      45.101       |   1.286   |   1.284   |   0.999   |   2.567
11.  	CORINTHIANS           |    51.308     |      44.629       |   1.269   |   1.232   |   0.971   |   2.392
12.  	SANTOS                |    50.451     |      43.518       |   1.214   |   1.280   |   1.054   |   2.698
13.  	FORTALEZA             |    47.885     |      41.619       |   1.146   |   1.048   |   0.915   |   1.919
14.  	BAHIA                 |    46.095     |      39.168       |   1.044   |   1.191   |   1.141   |   2.717
15.  	ATLETICO-GO           |    44.583     |      38.168       |   1.004   |   1.024   |   1.020   |   2.090
16.  	VASCO                 |    42.462     |      35.919       |   0.924   |   1.028   |   1.113   |   2.288
17.  	BOTAFOGO              |    40.307     |      33.642       |   0.852   |   1.041   |   1.222   |   2.544
18.  	CORITIBA              |    38.721     |      32.367       |   0.803   |   0.936   |   1.166   |   2.183
19.  	GOIAS                 |    38.712     |      32.058       |   0.804   |   1.027   |   1.278   |   2.626
20.  	SPORT                 |    37.772     |      31.570       |   0.773   |   0.886   |   1.146   |   2.030

============================================================================================================================

#           Club              |  SPI Default  |  SPI Round-Robin  |   Power   |    ATK    |    DEF    |    OFF
1.  	MANCHESTER CITY       |    94.255     |      76.608       |   9.949   |   3.418   |   0.344   |   2.348
2.  	LIVERPOOL             |    90.778     |      67.016       |   6.313   |   3.136   |   0.497   |   3.116
3.  	MANCHESTER UNITED     |    87.436     |      60.742       |   5.068   |   2.824   |   0.557   |   3.148
4.  	CHELSEA               |    86.416     |      60.323       |   5.129   |   2.630   |   0.513   |   2.698
5.  	LEICESTER             |    80.260     |      51.458       |   3.793   |   2.226   |   0.587   |   2.612
6.  	ARSENAL               |    78.741     |      50.337       |   3.688   |   2.081   |   0.564   |   2.350
7.  	TOTTENHAM             |    79.092     |      49.747       |   3.571   |   2.178   |   0.610   |   2.658
8.  	ASTON VILLA           |    78.397     |      48.224       |   3.371   |   2.193   |   0.650   |   2.853
9.  	WEST HAM              |    77.582     |      47.507       |   3.299   |   2.129   |   0.645   |   2.747
10.  	BRIGHTON              |    74.624     |      45.044       |   3.054   |   1.913   |   0.626   |   2.396
11.  	EVERTON               |    74.141     |      43.751       |   2.906   |   1.947   |   0.670   |   2.609
12.  	SOUTHAMPTON           |    73.880     |      43.407       |   2.871   |   1.940   |   0.676   |   2.621
13.  	WOLVERHAMPTON         |    70.581     |      41.513       |   2.700   |   1.683   |   0.623   |   2.098
14.  	LEEDS                 |    74.387     |      41.491       |   2.671   |   2.162   |   0.810   |   3.501
15.  	CRYSTAL PALACE        |    66.031     |      35.124       |   2.131   |   1.652   |   0.775   |   2.563
16.  	BURNLEY               |    61.505     |      33.050       |   1.936   |   1.353   |   0.699   |   1.892
17.  	FULHAM                |    62.112     |      32.562       |   1.915   |   1.445   |   0.755   |   2.182
18.  	NEWCASTLE             |    61.523     |      31.370       |   1.837   |   1.477   |   0.804   |   2.377
19.  	SHEFFIELD UNITED      |    60.156     |      31.292       |   1.809   |   1.353   |   0.748   |   2.024
20.  	WEST BROM             |    52.877     |      23.214       |   1.323   |   1.328   |   1.004   |   2.668

============================================================================================================================

#           Club              |  SPI Default  |  SPI Round-Robin  |   Power   |    ATK    |    DEF    |    OFF
1.  	BAYERN MUNCHEN        |    91.870     |      74.496       |   6.227   |   3.432   |   0.551   |   3.782
2.  	DORTMUND              |    85.598     |      64.478       |   4.548   |   2.694   |   0.592   |   3.191
3.  	LEIPZIG               |    84.020     |      63.905       |   4.694   |   2.400   |   0.511   |   2.455
4.  	BAYER LEVERKUSEN      |    77.554     |      55.019       |   3.457   |   2.043   |   0.591   |   2.416
5.  	MONCHENGLADBACH       |    77.669     |      53.085       |   3.140   |   2.238   |   0.713   |   3.191
6.  	WOLFSBURG             |    76.252     |      52.860       |   3.188   |   2.027   |   0.636   |   2.578
7.  	EINTRACHT FRANKFURT   |    77.228     |      52.129       |   3.031   |   2.254   |   0.744   |   3.352
8.  	UNION BERLIN          |    69.594     |      44.949       |   2.445   |   1.763   |   0.721   |   2.541
9.  	STUTTGART             |    70.745     |      44.197       |   2.359   |   1.990   |   0.843   |   3.356
10.  	HOFFENHEIM            |    69.920     |      43.391       |   2.301   |   1.947   |   0.846   |   3.296
11.  	FREIBURG              |    68.897     |      42.616       |   2.246   |   1.876   |   0.835   |   3.134
12.  	HERTHA BERLIN         |    66.563     |      41.510       |   2.173   |   1.669   |   0.768   |   2.565
13.  	WERDER BREMEN         |    63.879     |      39.024       |   1.993   |   1.557   |   0.781   |   2.432
14.  	AUGSBURG              |    58.131     |      33.388       |   1.622   |   1.391   |   0.858   |   2.387
15.  	KOLN                  |    58.277     |      32.953       |   1.603   |   1.446   |   0.902   |   2.608
16.  	MAINZ                 |    57.754     |      31.984       |   1.554   |   1.476   |   0.950   |   2.805
17.  	ARMINIA               |    53.824     |      29.937       |   1.408   |   1.237   |   0.879   |   2.174
18.  	SCHALKE 04            |    51.330     |      26.341       |   1.249   |   1.311   |   1.050   |   2.754

============================================================================================================================

#           Club              |  SPI Default  |  SPI Round-Robin  |   Power   |    ATK    |    DEF    |    OFF
1.  	PORTO                 |    75.647     |      70.932       |   3.046   |   2.039   |   0.669   |   2.730
2.  	BENFICA               |    72.406     |      67.768       |   2.771   |   1.836   |   0.663   |   2.434
3.  	SPORTING              |    71.627     |      67.167       |   2.798   |   1.733   |   0.619   |   2.147
4.  	BRAGA                 |    65.331     |      60.428       |   2.051   |   1.661   |   0.810   |   2.691
5.  	PACOS DE FERREIRA     |    53.638     |      49.061       |   1.384   |   1.272   |   0.919   |   2.337
6.  	VITORIA DE GUIMARAES  |    53.157     |      48.716       |   1.380   |   1.207   |   0.874   |   2.110
7.  	RIO AVE               |    46.882     |      42.691       |   1.100   |   1.043   |   0.948   |   1.978
8.  	SANTA CLARA           |    45.025     |      40.768       |   1.016   |   1.073   |   1.057   |   2.268
9.  	PORTIMONENSE          |    44.137     |      39.956       |   0.985   |   1.037   |   1.052   |   2.182
10.  	FAMALICAO             |    43.350     |      39.121       |   0.953   |   1.067   |   1.120   |   2.389
11.  	GIL VICENTE           |    42.642     |      38.660       |   0.937   |   0.939   |   1.002   |   1.881
12.  	MOREIRENSE            |    41.671     |      37.730       |   0.902   |   0.921   |   1.022   |   1.883
13.  	BOAVISTA              |    40.775     |      36.765       |   0.868   |   0.966   |   1.112   |   2.148
14.  	MARITIMO              |    40.599     |      36.658       |   0.864   |   0.929   |   1.075   |   1.997
15.  	FARENSE               |    40.049     |      35.994       |   0.844   |   1.002   |   1.187   |   2.379
16.  	BELENENSES            |    38.293     |      34.789       |   0.787   |   0.720   |   0.915   |   1.317
17.  	NACIONAL              |    36.978     |      33.181       |   0.750   |   0.894   |   1.192   |   2.130
18.  	TONDELA               |    36.769     |      32.912       |   0.746   |   0.940   |   1.260   |   2.369

============================================================================================================================

#           Club              |  SPI Default  |  SPI Round-Robin  |   Power   |    ATK    |    DEF    |    OFF
1.  	BARCELONA             |    92.661     |      72.070       |   6.730   |   3.515   |   0.522   |   3.671
2.  	ATL MADRID            |    87.362     |      65.162       |   5.804   |   2.608   |   0.449   |   2.344
3.  	REAL MADRID           |    87.189     |      64.004       |   5.409   |   2.678   |   0.495   |   2.652
4.  	SEVILLA               |    81.864     |      57.171       |   4.355   |   2.219   |   0.510   |   2.261
5.  	REAL SOCIEDAD         |    82.356     |      57.090       |   4.270   |   2.313   |   0.542   |   2.505
6.  	VILLARREAL            |    80.365     |      54.590       |   3.927   |   2.183   |   0.556   |   2.427
7.  	ATL BILBAO            |    73.015     |      45.901       |   2.896   |   1.824   |   0.630   |   2.298
8.  	BETIS                 |    73.047     |      44.224       |   2.697   |   1.966   |   0.729   |   2.866
9.  	CELTA                 |    71.693     |      43.354       |   2.626   |   1.859   |   0.708   |   2.634
10.  	GETAFE                |    67.248     |      41.730       |   2.510   |   1.467   |   0.585   |   1.715
11.  	EIBAR                 |    67.006     |      40.818       |   2.415   |   1.507   |   0.624   |   1.880
12.  	LEVANTE               |    70.238     |      40.704       |   2.386   |   1.896   |   0.795   |   3.015
13.  	VALENCIA              |    68.155     |      39.184       |   2.262   |   1.766   |   0.780   |   2.756
14.  	OSASUNA               |    66.366     |      38.814       |   2.232   |   1.588   |   0.712   |   2.261
15.  	ALAVES                |    65.241     |      38.170       |   2.177   |   1.516   |   0.696   |   2.111
16.  	GRANADA               |    66.408     |      37.896       |   2.158   |   1.667   |   0.772   |   2.575
17.  	CADIZ                 |    61.445     |      35.074       |   1.922   |   1.362   |   0.709   |   1.931
18.  	HUESCA                |    59.935     |      32.963       |   1.773   |   1.376   |   0.776   |   2.134
19.  	VALLADOLID            |    58.729     |      31.475       |   1.675   |   1.375   |   0.821   |   2.259
20.  	ELCHE                 |    53.838     |      27.758       |   1.420   |   1.212   |   0.854   |   2.071

============================================================================================================================

#           Club              |  SPI Default  |  SPI Round-Robin  |   Power   |    ATK    |    DEF    |    OFF
1.  	INTER                 |    83.486     |      66.672       |   3.967   |   2.607   |   0.657   |   3.426
2.  	ATALANTA              |    83.369     |      66.601       |   3.971   |   2.587   |   0.651   |   3.370
3.  	JUVENTUS              |    82.756     |      66.377       |   4.028   |   2.467   |   0.612   |   3.021
4.  	NAPOLI                |    80.450     |      63.691       |   3.734   |   2.278   |   0.610   |   2.780
5.  	MILAN                 |    79.835     |      61.503       |   3.339   |   2.410   |   0.722   |   3.478
6.  	ROMA                  |    77.133     |      57.939       |   2.981   |   2.279   |   0.764   |   3.484
7.  	LAZIO                 |    73.194     |      54.038       |   2.685   |   1.995   |   0.743   |   2.964
8.  	SASSUOLO              |    65.334     |      44.303       |   1.951   |   1.801   |   0.923   |   3.326
9.  	FIORENTINA            |    62.420     |      43.118       |   1.896   |   1.505   |   0.793   |   2.388
10.  	UDINESE               |    60.697     |      41.768       |   1.813   |   1.411   |   0.778   |   2.197
11.  	HELLAS VERONA         |    60.184     |      40.832       |   1.751   |   1.437   |   0.821   |   2.360
12.  	BOLOGNA               |    59.662     |      39.241       |   1.656   |   1.535   |   0.927   |   2.846
13.  	TORINO                |    59.510     |      38.983       |   1.642   |   1.543   |   0.940   |   2.899
14.  	SAMPDORIA             |    58.789     |      38.383       |   1.608   |   1.509   |   0.938   |   2.832
15.  	GENOA                 |    55.003     |      35.291       |   1.438   |   1.342   |   0.933   |   2.505
16.  	SPEZIA                |    54.226     |      34.340       |   1.391   |   1.345   |   0.967   |   2.601
17.  	BENEVENTO             |    54.170     |      33.898       |   1.374   |   1.388   |   1.010   |   2.803
18.  	CAGLIARI              |    54.484     |      33.883       |   1.377   |   1.432   |   1.039   |   2.976
19.  	PARMA                 |    48.922     |      29.515       |   1.159   |   1.211   |   1.046   |   2.533
20.  	CROTONE               |    48.068     |      28.574       |   1.121   |   1.214   |   1.083   |   2.629

============================================================================================================================

#           Club              |  SPI Default  |  SPI Round-Robin  |   Power   |    ATK    |    DEF    |    OFF
1.  	PSG                   |    85.840     |      72.747       |   4.711   |   2.673   |   0.567   |   3.032
2.  	LYON                  |    79.970     |      65.384       |   3.686   |   2.237   |   0.607   |   2.715
3.  	MONACO                |    75.769     |      58.892       |   2.822   |   2.219   |   0.786   |   3.489
4.  	LILLE                 |    73.418     |      58.698       |   3.059   |   1.776   |   0.581   |   2.063
5.  	RENNES                |    66.519     |      50.864       |   2.299   |   1.546   |   0.673   |   2.079
6.  	MARSEILLE             |    66.160     |      49.909       |   2.195   |   1.601   |   0.729   |   2.335
7.  	LENS                  |    63.689     |      47.131       |   1.987   |   1.542   |   0.776   |   2.392
8.  	STRASBOURG            |    61.076     |      43.782       |   1.757   |   1.543   |   0.878   |   2.709
9.  	BORDEAUX              |    59.408     |      43.453       |   1.757   |   1.335   |   0.759   |   2.027
10.  	METZ                  |    58.424     |      42.645       |   1.708   |   1.288   |   0.754   |   1.942
11.  	ANGERS                |    58.509     |      42.117       |   1.668   |   1.359   |   0.815   |   2.216
12.  	REIMS                 |    58.326     |      41.764       |   1.645   |   1.375   |   0.835   |   2.297
13.  	MONTPELLIER           |    59.676     |      41.462       |   1.617   |   1.620   |   1.001   |   3.244
14.  	ST ETIENNE            |    57.584     |      41.145       |   1.610   |   1.341   |   0.833   |   2.233
15.  	BREST                 |    58.004     |      39.634       |   1.522   |   1.596   |   1.049   |   3.347
16.  	NICE                  |    54.566     |      37.774       |   1.423   |   1.313   |   0.923   |   2.425
17.  	NANTES                |    53.627     |      36.956       |   1.380   |   1.280   |   0.928   |   2.375
18.  	LORIENT               |    52.299     |      34.779       |   1.283   |   1.365   |   1.064   |   2.904
19.  	DIJON                 |    46.739     |      31.317       |   1.095   |   1.031   |   0.941   |   1.942
20.  	NIMES                 |    45.083     |      28.457       |   1.007   |   1.173   |   1.165   |   2.732
