#           Club              |  SPI Default  |  SPI Round-Robin  |   Power   |    ATK    |    DEF    |    OFF
1.  	MANCHESTER CITY       |    96.699     |      89.173       |   11.926  |   4.399   |   0.369   |   3.246
2.  	BAYERN MUNCHEN        |    93.110     |      80.284       |   6.830   |   3.627   |   0.531   |   3.852
3.  	LIVERPOOL             |    92.726     |      80.365       |   7.244   |   3.408   |   0.470   |   3.206
4.  	BARCELONA             |    91.758     |      78.399       |   6.522   |   3.320   |   0.509   |   3.379
5.  	REAL MADRID           |    89.866     |      76.385       |   6.419   |   2.918   |   0.455   |   2.653
6.  	CHELSEA               |    88.828     |      74.019       |   5.564   |   2.930   |   0.527   |   3.087
7.  	PSG                   |    89.276     |      73.615       |   5.185   |   3.148   |   0.607   |   3.824
8.  	MANCHESTER UNITED     |    88.285     |      74.008       |   5.822   |   2.760   |   0.474   |   2.617
9.  	ATL MADRID            |    87.080     |      72.861       |   5.760   |   2.573   |   0.447   |   2.299
10.  	LEIPZIG               |    85.356     |      69.030       |   4.615   |   2.629   |   0.570   |   2.995
11.  	ATALANTA              |    83.947     |      67.054       |   4.286   |   2.535   |   0.592   |   3.000
12.  	SEVILLA               |    82.809     |      66.972       |   4.545   |   2.281   |   0.502   |   2.290
13.  	VILLARREAL            |    82.890     |      65.743       |   4.104   |   2.453   |   0.598   |   2.933
14.  	INTER                 |    83.033     |      65.440       |   3.988   |   2.527   |   0.634   |   3.202
15.  	DORTMUND              |    82.634     |      65.029       |   3.947   |   2.486   |   0.630   |   3.132
16.  	WOLVERHAMPTON         |    80.412     |      64.619       |   4.290   |   2.062   |   0.481   |   1.983
17.  	MONCHENGLADBACH       |    81.308     |      63.485       |   3.762   |   2.383   |   0.633   |   3.018
18.  	JUVENTUS              |    80.999     |      62.780       |   3.634   |   2.404   |   0.662   |   3.181
19.  	MILAN                 |    81.094     |      62.488       |   3.553   |   2.463   |   0.693   |   3.416
20.  	LEICESTER             |    80.184     |      62.851       |   3.781   |   2.221   |   0.588   |   2.610
21.  	PORTO                 |    79.256     |      61.872       |   3.673   |   2.151   |   0.586   |   2.520
22.  	SOUTHAMPTON           |    78.743     |      61.164       |   3.571   |   2.134   |   0.598   |   2.551
23.  	BAYER LEVERKUSEN      |    78.302     |      59.751       |   3.308   |   2.217   |   0.670   |   2.972
24.  	ARSENAL               |    77.842     |      59.640       |   3.338   |   2.140   |   0.641   |   2.743
25.  	REAL SOCIEDAD         |    77.449     |      59.667       |   3.393   |   2.062   |   0.608   |   2.507
26.  	NAPOLI                |    77.136     |      58.781       |   3.239   |   2.107   |   0.651   |   2.741
27.  	EVERTON               |    76.638     |      58.889       |   3.320   |   2.003   |   0.603   |   2.416
28.  	ROMA                  |    76.856     |      57.533       |   3.030   |   2.204   |   0.727   |   3.207
29.  	WOLFSBURG             |    76.305     |      57.811       |   3.133   |   2.066   |   0.659   |   2.725
30.  	LYON                  |    76.051     |      57.789       |   3.155   |   2.022   |   0.641   |   2.593
31.  	EINTRACHT FRANKFURT   |    75.467     |      56.021       |   2.889   |   2.124   |   0.735   |   3.125
32.  	GRANADA               |    74.618     |      56.385       |   3.024   |   1.929   |   0.638   |   2.461
33.  	TOTTENHAM             |    74.615     |      56.121       |   2.976   |   1.959   |   0.658   |   2.578
34.  	OSASUNA               |    73.957     |      55.638       |   2.946   |   1.900   |   0.645   |   2.451
35.  	BENFICA               |    73.838     |      54.757       |   2.806   |   1.980   |   0.706   |   2.794
36.  	GETAFE                |    72.146     |      55.209       |   3.035   |   1.658   |   0.546   |   1.811
37.  	BURNLEY               |    71.931     |      53.799       |   2.790   |   1.770   |   0.634   |   2.246
38.  	BETIS                 |    71.192     |      51.935       |   2.555   |   1.858   |   0.727   |   2.702
39.  	LAZIO                 |    71.319     |      51.623       |   2.507   |   1.915   |   0.764   |   2.926
40.  	WEST HAM              |    71.218     |      51.535       |   2.500   |   1.908   |   0.763   |   2.914
41.  	LEEDS                 |    70.502     |      51.656       |   2.553   |   1.778   |   0.696   |   2.476
42.  	LEGANES               |    69.591     |      51.852       |   2.638   |   1.619   |   0.614   |   1.988
43.  	CELTA                 |    70.065     |      51.131       |   2.504   |   1.767   |   0.706   |   2.494
44.  	SHEFFIELD UNITED      |    69.574     |      51.296       |   2.554   |   1.674   |   0.655   |   2.194
45.  	HOFFENHEIM            |    70.811     |      50.383       |   2.378   |   1.978   |   0.832   |   3.290
46.  	FLAMENGO              |    70.184     |      50.772       |   2.452   |   1.827   |   0.745   |   2.722
47.  	LEVANTE               |    68.877     |      49.278       |   2.325   |   1.789   |   0.769   |   2.753
48.  	MARSEILLE             |    68.682     |      49.185       |   2.322   |   1.769   |   0.762   |   2.695
49.  	BRIGHTON              |    68.382     |      49.338       |   2.352   |   1.705   |   0.725   |   2.473
50.  	EIBAR                 |    68.012     |      49.422       |   2.378   |   1.641   |   0.690   |   2.264
51.  	HERTHA BERLIN         |    68.698     |      48.784       |   2.276   |   1.818   |   0.799   |   2.904
52.  	ATL BILBAO            |    67.860     |      49.215       |   2.359   |   1.641   |   0.696   |   2.282
53.  	RENNES                |    67.683     |      49.192       |   2.364   |   1.617   |   0.684   |   2.212
54.  	LILLE                 |    67.504     |      49.027       |   2.351   |   1.608   |   0.684   |   2.201
55.  	MONACO                |    68.001     |      47.996       |   2.214   |   1.799   |   0.812   |   2.923
56.  	FIORENTINA            |    67.443     |      48.230       |   2.258   |   1.686   |   0.747   |   2.517
57.  	SASSUOLO              |    67.619     |      46.819       |   2.110   |   1.879   |   0.891   |   3.349
58.  	FREIBURG              |    66.529     |      46.237       |   2.080   |   1.775   |   0.853   |   3.027
59.  	ATLETICO-MG           |    65.647     |      46.717       |   2.150   |   1.587   |   0.738   |   2.342
60.  	PALMEIRAS             |    64.755     |      46.578       |   2.163   |   1.477   |   0.683   |   2.018
61.  	KOLN                  |    66.232     |      45.521       |   2.023   |   1.814   |   0.897   |   3.255
62.  	MALLORCA              |    65.614     |      45.524       |   2.035   |   1.717   |   0.844   |   2.897
63.  	BOLOGNA               |    64.749     |      44.733       |   1.982   |   1.678   |   0.847   |   2.842
64.  	VALENCIA              |    64.448     |      44.891       |   2.001   |   1.615   |   0.807   |   2.607
65.  	GREMIO                |    63.729     |      45.317       |   2.058   |   1.467   |   0.713   |   2.093
66.  	ASTON VILLA           |    63.969     |      45.029       |   2.024   |   1.531   |   0.756   |   2.316
67.  	MAINZ                 |    64.655     |      44.304       |   1.948   |   1.715   |   0.881   |   3.020
68.  	ST ETIENNE            |    63.186     |      44.387       |   1.980   |   1.491   |   0.753   |   2.246
69.  	SPORTING              |    63.093     |      44.450       |   1.988   |   1.472   |   0.740   |   2.179
70.  	ESPANYOL              |    62.802     |      44.494       |   1.998   |   1.428   |   0.715   |   2.041
71.  	SAMPDORIA             |    63.817     |      43.742       |   1.914   |   1.654   |   0.864   |   2.860
72.  	CRYSTAL PALACE        |    62.817     |      44.089       |   1.960   |   1.472   |   0.751   |   2.212
73.  	VALLADOLID            |    62.244     |      43.957       |   1.959   |   1.409   |   0.719   |   2.028
74.  	INTERNACIONAL         |    62.249     |      43.799       |   1.944   |   1.426   |   0.734   |   2.093
75.  	BORDEAUX              |    62.055     |      43.781       |   1.946   |   1.403   |   0.721   |   2.022
76.  	NICE                  |    62.272     |      42.882       |   1.866   |   1.529   |   0.819   |   2.505
77.  	WEST BROM             |    61.985     |      42.860       |   1.867   |   1.491   |   0.798   |   2.381
78.  	AUGSBURG              |    62.395     |      42.338       |   1.823   |   1.609   |   0.883   |   2.842
79.  	HELLAS VERONA         |    62.298     |      42.195       |   1.813   |   1.612   |   0.889   |   2.867
80.  	BRAGA                 |    62.284     |      42.167       |   1.811   |   1.613   |   0.891   |   2.874
81.  	UNION BERLIN          |    61.824     |      41.923       |   1.797   |   1.575   |   0.876   |   2.759
82.  	MONTPELLIER           |    61.460     |      42.096       |   1.814   |   1.503   |   0.829   |   2.491
83.  	WERDER BREMEN         |    61.710     |      41.579       |   1.774   |   1.599   |   0.901   |   2.882
84.  	NEWCASTLE             |    61.254     |      41.801       |   1.793   |   1.508   |   0.841   |   2.535
85.  	UDINESE               |    60.276     |      41.296       |   1.764   |   1.429   |   0.810   |   2.315
86.  	REIMS                 |    59.552     |      40.960       |   1.745   |   1.369   |   0.785   |   2.148
87.  	NANTES                |    59.056     |      40.472       |   1.713   |   1.356   |   0.792   |   2.148
88.  	STUTTGART             |    60.022     |      39.502       |   1.648   |   1.604   |   0.973   |   3.122
89.  	ALAVES                |    58.815     |      40.077       |   1.687   |   1.367   |   0.811   |   2.217
90.  	VITORIA DE GUIMARAES  |    58.977     |      39.940       |   1.677   |   1.404   |   0.837   |   2.351
91.  	PARMA                 |    59.578     |      38.816       |   1.609   |   1.625   |   1.010   |   3.282
92.  	NIMES                 |    58.635     |      38.865       |   1.611   |   1.481   |   0.919   |   2.723
93.  	SAO PAULO             |    57.473     |      39.129       |   1.628   |   1.295   |   0.796   |   2.062
94.  	SCHALKE 04            |    57.970     |      38.258       |   1.576   |   1.460   |   0.927   |   2.706
95.  	ANGERS                |    56.973     |      38.452       |   1.586   |   1.304   |   0.822   |   2.145
96.  	FULHAM                |    57.154     |      38.314       |   1.578   |   1.343   |   0.851   |   2.286
97.  	ARMINIA               |    56.771     |      37.311       |   1.521   |   1.407   |   0.925   |   2.602
98.  	RIO AVE               |    56.737     |      37.180       |   1.514   |   1.418   |   0.936   |   2.655
99.  	GENOA                 |    56.886     |      36.741       |   1.493   |   1.493   |   1.000   |   2.985
100.  	TORINO                |    56.485     |      36.474       |   1.478   |   1.469   |   0.994   |   2.920
101.  	STRASBOURG            |    55.164     |      36.059       |   1.450   |   1.337   |   0.922   |   2.467
102.  	LENS                  |    54.719     |      36.106       |   1.449   |   1.273   |   0.879   |   2.238
103.  	LORIENT               |    54.782     |      35.272       |   1.411   |   1.380   |   0.978   |   2.700
104.  	CAGLIARI              |    54.115     |      35.051       |   1.395   |   1.316   |   0.944   |   2.484
105.  	METZ                  |    53.425     |      35.274       |   1.399   |   1.202   |   0.859   |   2.066
106.  	DIJON                 |    53.484     |      34.435       |   1.363   |   1.306   |   0.958   |   2.503
107.  	CORINTHIANS           |    53.117     |      34.009       |   1.342   |   1.308   |   0.975   |   2.552
108.  	ATHLETICO-PR          |    51.063     |      33.446       |   1.294   |   1.112   |   0.860   |   1.912
109.  	VASCO                 |    50.673     |      32.561       |   1.256   |   1.163   |   0.926   |   2.155
110.  	FLUMINENSE            |    50.628     |      32.512       |   1.253   |   1.163   |   0.928   |   2.159
111.  	BREST                 |    50.994     |      31.598       |   1.230   |   1.325   |   1.077   |   2.854
112.  	SANTOS                |    49.888     |      31.618       |   1.213   |   1.175   |   0.969   |   2.276
113.  	BRESCIA               |    49.556     |      29.760       |   1.157   |   1.374   |   1.188   |   3.265
114.  	SANTA CLARA           |    48.676     |      30.287       |   1.154   |   1.181   |   1.024   |   2.419
115.  	BAHIA                 |    48.714     |      29.946       |   1.146   |   1.230   |   1.074   |   2.641
116.  	CEARA                 |    47.446     |      30.013       |   1.122   |   1.059   |   0.943   |   1.998
117.  	BRAGANTINO            |    47.604     |      29.255       |   1.108   |   1.172   |   1.058   |   2.479
118.  	FORTALEZA             |    46.723     |      29.369       |   1.092   |   1.046   |   0.958   |   2.003
119.  	PORTIMONENSE          |    46.913     |      28.972       |   1.087   |   1.118   |   1.028   |   2.298
120.  	LECCE                 |    48.076     |      28.006       |   1.093   |   1.418   |   1.298   |   3.679
121.  	SPAL                  |    46.238     |      27.476       |   1.045   |   1.228   |   1.175   |   2.886
122.  	GIL VICENTE           |    45.510     |      27.595       |   1.030   |   1.113   |   1.080   |   2.404
123.  	FAMALICAO             |    45.228     |      26.989       |   1.014   |   1.157   |   1.141   |   2.641
124.  	MARITIMO              |    44.232     |      27.132       |   0.992   |   1.009   |   1.017   |   2.053
125.  	BOAVISTA              |    43.097     |      26.187       |   0.950   |   0.986   |   1.038   |   2.047
126.  	PACOS DE FERREIRA     |    43.812     |      25.708       |   0.964   |   1.145   |   1.188   |   2.720
127.  	BOTAFOGO              |    42.964     |      26.103       |   0.946   |   0.980   |   1.037   |   2.033
128.  	MOREIRENSE            |    43.181     |      25.863       |   0.949   |   1.039   |   1.095   |   2.274
129.  	TONDELA               |    41.255     |      23.955       |   0.882   |   1.049   |   1.190   |   2.497
130.  	ATLETICO-GO           |    40.729     |      24.207       |   0.867   |   0.945   |   1.090   |   2.061
131.  	GOIAS                 |    40.972     |      23.731       |   0.873   |   1.044   |   1.196   |   2.496
132.  	SPORT                 |    40.196     |      23.626       |   0.849   |   0.956   |   1.125   |   2.152
133.  	CORITIBA              |    39.301     |      23.306       |   0.821   |   0.886   |   1.079   |   1.912
134.  	BELENENSES            |    37.298     |      21.274       |   0.760   |   0.912   |   1.201   |   2.190
135.  	VITORIA DE SETUBAL    |    35.247     |      19.964       |   0.698   |   0.836   |   1.197   |   2.002
136.  	DESPORTIVO AVES       |    28.049     |      14.533       |   0.520   |   0.747   |   1.437   |   2.146

============================================================================================================================

#           Club              |  SPI Default  |  SPI Round-Robin  |   Power   |    ATK    |    DEF    |    OFF
1.  	FLAMENGO              |    70.184     |      63.329       |   2.452   |   1.827   |   0.745   |   2.722
2.  	ATLETICO-MG           |    65.647     |      58.877       |   2.150   |   1.587   |   0.738   |   2.342
3.  	PALMEIRAS             |    64.755     |      58.263       |   2.163   |   1.477   |   0.683   |   2.018
4.  	GREMIO                |    63.729     |      57.123       |   2.058   |   1.467   |   0.713   |   2.093
5.  	INTERNACIONAL         |    62.249     |      55.596       |   1.944   |   1.426   |   0.734   |   2.093
6.  	SAO PAULO             |    57.473     |      50.754       |   1.628   |   1.295   |   0.796   |   2.062
7.  	CORINTHIANS           |    53.117     |      45.947       |   1.342   |   1.308   |   0.975   |   2.552
8.  	ATHLETICO-PR          |    51.063     |      44.488       |   1.294   |   1.112   |   0.860   |   1.912
9.  	VASCO                 |    50.673     |      43.869       |   1.256   |   1.163   |   0.926   |   2.155
10.  	FLUMINENSE            |    50.628     |      43.821       |   1.253   |   1.163   |   0.928   |   2.159
11.  	SANTOS                |    49.888     |      42.988       |   1.213   |   1.175   |   0.969   |   2.276
12.  	BAHIA                 |    48.714     |      41.546       |   1.146   |   1.230   |   1.074   |   2.641
13.  	CEARA                 |    47.446     |      40.843       |   1.122   |   1.059   |   0.943   |   1.998
14.  	BRAGANTINO            |    47.604     |      40.588       |   1.108   |   1.172   |   1.058   |   2.479
15.  	FORTALEZA             |    46.723     |      40.133       |   1.092   |   1.046   |   0.958   |   2.003
16.  	BOTAFOGO              |    42.964     |      36.468       |   0.946   |   0.980   |   1.037   |   2.033
17.  	GOIAS                 |    40.972     |      34.209       |   0.873   |   1.044   |   1.196   |   2.496
18.  	ATLETICO-GO           |    40.729     |      34.304       |   0.867   |   0.945   |   1.090   |   2.061
19.  	SPORT                 |    40.196     |      33.725       |   0.849   |   0.956   |   1.125   |   2.152
20.  	CORITIBA              |    39.301     |      33.070       |   0.821   |   0.886   |   1.079   |   1.912

============================================================================================================================

#           Club              |  SPI Default  |  SPI Round-Robin  |   Power   |    ATK    |    DEF    |    OFF
1.  	MANCHESTER CITY       |    96.699     |      81.803       |   11.926  |   4.399   |   0.369   |   3.246
2.  	LIVERPOOL             |    92.726     |      69.777       |   7.244   |   3.408   |   0.470   |   3.206
3.  	MANCHESTER UNITED     |    88.285     |      62.598       |   5.822   |   2.760   |   0.474   |   2.617
4.  	CHELSEA               |    88.828     |      62.207       |   5.564   |   2.930   |   0.527   |   3.087
5.  	WOLVERHAMPTON         |    80.412     |      52.954       |   4.290   |   2.062   |   0.481   |   1.983
6.  	LEICESTER             |    80.184     |      50.346       |   3.781   |   2.221   |   0.588   |   2.610
7.  	SOUTHAMPTON           |    78.743     |      48.651       |   3.571   |   2.134   |   0.598   |   2.551
8.  	ARSENAL               |    77.842     |      46.881       |   3.338   |   2.140   |   0.641   |   2.743
9.  	EVERTON               |    76.638     |      46.471       |   3.320   |   2.003   |   0.603   |   2.416
10.  	TOTTENHAM             |    74.615     |      43.503       |   2.976   |   1.959   |   0.658   |   2.578
11.  	BURNLEY               |    71.931     |      41.596       |   2.790   |   1.770   |   0.634   |   2.246
12.  	LEEDS                 |    70.502     |      39.238       |   2.553   |   1.778   |   0.696   |   2.476
13.  	WEST HAM              |    71.218     |      38.664       |   2.500   |   1.908   |   0.763   |   2.914
14.  	SHEFFIELD UNITED      |    69.574     |      39.229       |   2.554   |   1.674   |   0.655   |   2.194
15.  	BRIGHTON              |    68.382     |      37.024       |   2.352   |   1.705   |   0.725   |   2.473
16.  	ASTON VILLA           |    63.969     |      33.174       |   2.024   |   1.531   |   0.756   |   2.316
17.  	CRYSTAL PALACE        |    62.817     |      32.433       |   1.960   |   1.472   |   0.751   |   2.212
18.  	WEST BROM             |    61.985     |      31.117       |   1.867   |   1.491   |   0.798   |   2.381
19.  	NEWCASTLE             |    61.254     |      29.995       |   1.793   |   1.508   |   0.841   |   2.535
20.  	FULHAM                |    57.154     |      27.164       |   1.578   |   1.343   |   0.851   |   2.286

============================================================================================================================

#           Club              |  SPI Default  |  SPI Round-Robin  |   Power   |    ATK    |    DEF    |    OFF
1.  	BAYERN MUNCHEN        |    93.110     |      77.555       |   6.830   |   3.627   |   0.531   |   3.852
2.  	LEIPZIG               |    85.356     |      64.942       |   4.615   |   2.629   |   0.570   |   2.995
3.  	DORTMUND              |    82.634     |      60.425       |   3.947   |   2.486   |   0.630   |   3.132
4.  	MONCHENGLADBACH       |    81.308     |      58.764       |   3.762   |   2.383   |   0.633   |   3.018
5.  	BAYER LEVERKUSEN      |    78.302     |      54.684       |   3.308   |   2.217   |   0.670   |   2.972
6.  	WOLFSBURG             |    76.305     |      52.697       |   3.133   |   2.066   |   0.659   |   2.725
7.  	EINTRACHT FRANKFURT   |    75.467     |      50.554       |   2.889   |   2.124   |   0.735   |   3.125
8.  	HOFFENHEIM            |    70.811     |      44.430       |   2.378   |   1.978   |   0.832   |   3.290
9.  	HERTHA BERLIN         |    68.698     |      42.937       |   2.276   |   1.818   |   0.799   |   2.904
10.  	FREIBURG              |    66.529     |      40.195       |   2.080   |   1.775   |   0.853   |   3.027
11.  	KOLN                  |    66.232     |      39.330       |   2.023   |   1.814   |   0.897   |   3.255
12.  	MAINZ                 |    64.655     |      38.187       |   1.948   |   1.715   |   0.881   |   3.020
13.  	AUGSBURG              |    62.395     |      36.254       |   1.823   |   1.609   |   0.883   |   2.842
14.  	UNION BERLIN          |    61.824     |      35.875       |   1.797   |   1.575   |   0.876   |   2.759
15.  	WERDER BREMEN         |    61.710     |      35.452       |   1.774   |   1.599   |   0.901   |   2.882
16.  	STUTTGART             |    60.022     |      33.202       |   1.648   |   1.604   |   0.973   |   3.122
17.  	SCHALKE 04            |    57.970     |      32.170       |   1.576   |   1.460   |   0.927   |   2.706
18.  	ARMINIA               |    56.771     |      31.278       |   1.521   |   1.407   |   0.925   |   2.602

============================================================================================================================

#           Club              |  SPI Default  |  SPI Round-Robin  |   Power   |    ATK    |    DEF    |    OFF
1.  	PORTO                 |    79.256     |      75.361       |   3.673   |   2.151   |   0.586   |   2.520
2.  	BENFICA               |    73.838     |      69.459       |   2.806   |   1.980   |   0.706   |   2.794
3.  	SPORTING              |    63.093     |      58.810       |   1.988   |   1.472   |   0.740   |   2.179
4.  	BRAGA                 |    62.284     |      57.522       |   1.811   |   1.613   |   0.891   |   2.874
5.  	VITORIA DE GUIMARAES  |    58.977     |      54.507       |   1.677   |   1.404   |   0.837   |   2.351
6.  	RIO AVE               |    56.737     |      52.065       |   1.514   |   1.418   |   0.936   |   2.655
7.  	SANTA CLARA           |    48.676     |      44.186       |   1.154   |   1.181   |   1.024   |   2.419
8.  	PORTIMONENSE          |    46.913     |      42.513       |   1.087   |   1.118   |   1.028   |   2.298
9.  	GIL VICENTE           |    45.510     |      41.085       |   1.030   |   1.113   |   1.080   |   2.404
10.  	FAMALICAO             |    45.228     |      40.704       |   1.014   |   1.157   |   1.141   |   2.641
11.  	MARITIMO              |    44.232     |      40.007       |   0.992   |   1.009   |   1.017   |   2.053
12.  	PACOS DE FERREIRA     |    43.812     |      39.297       |   0.964   |   1.145   |   1.188   |   2.720
13.  	MOREIRENSE            |    43.181     |      38.870       |   0.949   |   1.039   |   1.095   |   2.274
14.  	BOAVISTA              |    43.097     |      38.899       |   0.950   |   0.986   |   1.038   |   2.047
15.  	TONDELA               |    41.255     |      36.909       |   0.882   |   1.049   |   1.190   |   2.497
16.  	BELENENSES            |    37.298     |      33.211       |   0.760   |   0.912   |   1.201   |   2.190
17.  	VITORIA DE SETUBAL    |    35.247     |      31.312       |   0.698   |   0.836   |   1.197   |   2.002
18.  	DESPORTIVO AVES       |    28.049     |      24.457       |   0.520   |   0.747   |   1.437   |   2.146

============================================================================================================================

#           Club              |  SPI Default  |  SPI Round-Robin  |   Power   |    ATK    |    DEF    |    OFF
1.  	BARCELONA             |    91.758     |      69.575       |   6.522   |   3.320   |   0.509   |   3.379
2.  	REAL MADRID           |    89.866     |      67.553       |   6.419   |   2.918   |   0.455   |   2.653
3.  	ATL MADRID            |    87.080     |      63.736       |   5.760   |   2.573   |   0.447   |   2.299
4.  	SEVILLA               |    82.809     |      57.210       |   4.545   |   2.281   |   0.502   |   2.290
5.  	VILLARREAL            |    82.890     |      55.335       |   4.104   |   2.453   |   0.598   |   2.933
6.  	REAL SOCIEDAD         |    77.449     |      49.243       |   3.393   |   2.062   |   0.608   |   2.507
7.  	GRANADA               |    74.618     |      45.914       |   3.024   |   1.929   |   0.638   |   2.461
8.  	OSASUNA               |    73.957     |      45.165       |   2.946   |   1.900   |   0.645   |   2.451
9.  	GETAFE                |    72.146     |      45.461       |   3.035   |   1.658   |   0.546   |   1.811
10.  	BETIS                 |    71.192     |      41.211       |   2.555   |   1.858   |   0.727   |   2.702
11.  	LEGANES               |    69.591     |      41.894       |   2.638   |   1.619   |   0.614   |   1.988
12.  	CELTA                 |    70.065     |      40.618       |   2.504   |   1.767   |   0.706   |   2.494
13.  	EIBAR                 |    68.012     |      39.188       |   2.378   |   1.641   |   0.690   |   2.264
14.  	LEVANTE               |    68.877     |      38.550       |   2.325   |   1.789   |   0.769   |   2.753
15.  	ATL BILBAO            |    67.860     |      38.965       |   2.359   |   1.641   |   0.696   |   2.282
16.  	MALLORCA              |    65.614     |      34.802       |   2.035   |   1.717   |   0.844   |   2.897
17.  	VALENCIA              |    64.448     |      34.472       |   2.001   |   1.615   |   0.807   |   2.607
18.  	ESPANYOL              |    62.802     |      34.710       |   1.998   |   1.428   |   0.715   |   2.041
19.  	VALLADOLID            |    62.244     |      34.218       |   1.959   |   1.409   |   0.719   |   2.028
20.  	ALAVES                |    58.815     |      30.376       |   1.687   |   1.367   |   0.811   |   2.217

============================================================================================================================

#           Club              |  SPI Default  |  SPI Round-Robin  |   Power   |    ATK    |    DEF    |    OFF
1.  	ATALANTA              |    83.947     |      68.111       |   4.286   |   2.535   |   0.592   |   3.000
2.  	INTER                 |    83.033     |      66.409       |   3.988   |   2.527   |   0.634   |   3.202
3.  	JUVENTUS              |    80.999     |      63.607       |   3.634   |   2.404   |   0.662   |   3.181
4.  	MILAN                 |    81.094     |      63.289       |   3.553   |   2.463   |   0.693   |   3.416
5.  	NAPOLI                |    77.136     |      59.404       |   3.239   |   2.107   |   0.651   |   2.741
6.  	ROMA                  |    76.856     |      58.052       |   3.030   |   2.204   |   0.727   |   3.207
7.  	LAZIO                 |    71.319     |      51.794       |   2.507   |   1.915   |   0.764   |   2.926
8.  	FIORENTINA            |    67.443     |      48.227       |   2.258   |   1.686   |   0.747   |   2.517
9.  	SASSUOLO              |    67.619     |      46.643       |   2.110   |   1.879   |   0.891   |   3.349
10.  	BOLOGNA               |    64.749     |      44.473       |   1.982   |   1.678   |   0.847   |   2.842
11.  	SAMPDORIA             |    63.817     |      43.417       |   1.914   |   1.654   |   0.864   |   2.860
12.  	HELLAS VERONA         |    62.298     |      41.771       |   1.813   |   1.612   |   0.889   |   2.867
13.  	UDINESE               |    60.276     |      40.887       |   1.764   |   1.429   |   0.810   |   2.315
14.  	PARMA                 |    59.578     |      38.133       |   1.609   |   1.625   |   1.010   |   3.282
15.  	GENOA                 |    56.886     |      35.967       |   1.493   |   1.493   |   1.000   |   2.985
16.  	TORINO                |    56.485     |      35.692       |   1.478   |   1.469   |   0.994   |   2.920
17.  	CAGLIARI              |    54.115     |      34.244       |   1.395   |   1.316   |   0.944   |   2.484
18.  	BRESCIA               |    49.556     |      28.563       |   1.157   |   1.374   |   1.188   |   3.265
19.  	LECCE                 |    48.076     |      26.676       |   1.093   |   1.418   |   1.298   |   3.679
20.  	SPAL                  |    46.238     |      26.216       |   1.045   |   1.228   |   1.175   |   2.886

============================================================================================================================

#           Club              |  SPI Default  |  SPI Round-Robin  |   Power   |    ATK    |    DEF    |    OFF
1.  	PSG                   |    89.276     |      76.629       |   5.185   |   3.148   |   0.607   |   3.824
2.  	LYON                  |    76.051     |      60.259       |   3.155   |   2.022   |   0.641   |   2.593
3.  	MARSEILLE             |    68.682     |      51.435       |   2.322   |   1.769   |   0.762   |   2.695
4.  	RENNES                |    67.683     |      51.317       |   2.364   |   1.617   |   0.684   |   2.212
5.  	LILLE                 |    67.504     |      51.145       |   2.351   |   1.608   |   0.684   |   2.201
6.  	MONACO                |    68.001     |      50.253       |   2.214   |   1.799   |   0.812   |   2.923
7.  	ST ETIENNE            |    63.186     |      46.362       |   1.980   |   1.491   |   0.753   |   2.246
8.  	BORDEAUX              |    62.055     |      45.683       |   1.946   |   1.403   |   0.721   |   2.022
9.  	NICE                  |    62.272     |      44.852       |   1.866   |   1.529   |   0.819   |   2.505
10.  	MONTPELLIER           |    61.460     |      44.032       |   1.814   |   1.503   |   0.829   |   2.491
11.  	REIMS                 |    59.552     |      42.787       |   1.745   |   1.369   |   0.785   |   2.148
12.  	NANTES                |    59.056     |      42.280       |   1.713   |   1.356   |   0.792   |   2.148
13.  	NIMES                 |    58.635     |      40.694       |   1.611   |   1.481   |   0.919   |   2.723
14.  	ANGERS                |    56.973     |      40.178       |   1.586   |   1.304   |   0.822   |   2.145
15.  	STRASBOURG            |    55.164     |      37.722       |   1.450   |   1.337   |   0.922   |   2.467
16.  	LENS                  |    54.719     |      37.745       |   1.449   |   1.273   |   0.879   |   2.238
17.  	LORIENT               |    54.782     |      36.920       |   1.411   |   1.380   |   0.978   |   2.700
18.  	METZ                  |    53.425     |      36.854       |   1.399   |   1.202   |   0.859   |   2.066
19.  	DIJON                 |    53.484     |      36.024       |   1.363   |   1.306   |   0.958   |   2.503
20.  	BREST                 |    50.994     |      33.059       |   1.230   |   1.325   |   1.077   |   2.854
