#           Club              |  SPI Default  |  SPI Round-Robin  |   Power   |    ATK    |    DEF    |    OFF
1.  	MANCHESTER CITY       |    93.202     |      82.587       |   8.541   |   3.301   |   0.387   |   2.552
2.  	BAYERN MUNCHEN        |    92.811     |      80.072       |   6.558   |   3.609   |   0.550   |   3.973
3.  	BARCELONA             |    92.175     |      79.106       |   6.370   |   3.474   |   0.545   |   3.790
4.  	LIVERPOOL             |    91.168     |      77.950       |   6.295   |   3.232   |   0.513   |   3.319
5.  	REAL MADRID           |    88.094     |      74.091       |   5.693   |   2.759   |   0.485   |   2.674
6.  	ATL MADRID            |    87.584     |      74.345       |   6.137   |   2.572   |   0.419   |   2.157
7.  	CHELSEA               |    86.553     |      71.148       |   4.885   |   2.731   |   0.559   |   3.054
8.  	MANCHESTER UNITED     |    86.191     |      70.324       |   4.671   |   2.747   |   0.588   |   3.231
9.  	PSG                   |    85.948     |      70.180       |   4.688   |   2.699   |   0.576   |   3.108
10.  	DORTMUND              |    85.472     |      69.684       |   4.639   |   2.639   |   0.569   |   3.001
11.  	LEIPZIG               |    84.791     |      69.939       |   4.969   |   2.429   |   0.489   |   2.374
12.  	REAL SOCIEDAD         |    82.145     |      66.448       |   4.348   |   2.258   |   0.519   |   2.345
13.  	ATALANTA              |    82.999     |      65.529       |   3.876   |   2.577   |   0.665   |   3.426
14.  	JUVENTUS              |    82.541     |      65.317       |   3.902   |   2.494   |   0.639   |   3.187
15.  	TOTTENHAM             |    81.458     |      64.926       |   3.999   |   2.297   |   0.574   |   2.638
16.  	NAPOLI                |    80.711     |      63.930       |   3.851   |   2.260   |   0.587   |   2.652
17.  	INTER                 |    81.617     |      63.145       |   3.511   |   2.568   |   0.732   |   3.758
18.  	SEVILLA               |    79.786     |      64.193       |   4.125   |   2.041   |   0.495   |   2.020
19.  	VILLARREAL            |    79.752     |      62.973       |   3.755   |   2.178   |   0.580   |   2.526
20.  	BAYER LEVERKUSEN      |    79.769     |      62.709       |   3.681   |   2.213   |   0.601   |   2.662
21.  	MILAN                 |    80.446     |      61.807       |   3.375   |   2.477   |   0.734   |   3.636
22.  	LYON                  |    79.480     |      62.342       |   3.632   |   2.199   |   0.605   |   2.663
23.  	ASTON VILLA           |    79.537     |      62.182       |   3.583   |   2.230   |   0.623   |   2.777
24.  	LEICESTER             |    79.307     |      61.972       |   3.565   |   2.209   |   0.620   |   2.737
25.  	ARSENAL               |    78.354     |      61.442       |   3.577   |   2.083   |   0.582   |   2.427
26.  	ROMA                  |    78.489     |      59.795       |   3.194   |   2.314   |   0.725   |   3.355
27.  	SOUTHAMPTON           |    76.608     |      59.325       |   3.313   |   2.002   |   0.604   |   2.421
28.  	WEST HAM              |    76.494     |      58.691       |   3.190   |   2.056   |   0.644   |   2.649
29.  	MONCHENGLADBACH       |    76.295     |      57.393       |   2.966   |   2.176   |   0.734   |   3.194
30.  	EVERTON               |    75.435     |      57.310       |   3.029   |   2.024   |   0.668   |   2.704
31.  	PORTO                 |    75.629     |      57.029       |   2.960   |   2.094   |   0.707   |   2.961
32.  	CELTA                 |    74.172     |      55.679       |   2.851   |   1.989   |   0.698   |   2.775
33.  	LEEDS                 |    74.736     |      54.822       |   2.681   |   2.201   |   0.821   |   3.614
34.  	WOLFSBURG             |    73.725     |      55.495       |   2.856   |   1.932   |   0.676   |   2.614
35.  	EINTRACHT FRANKFURT   |    74.258     |      54.984       |   2.735   |   2.089   |   0.764   |   3.193
36.  	BRIGHTON              |    73.007     |      54.505       |   2.748   |   1.923   |   0.700   |   2.691
37.  	BENFICA               |    72.971     |      54.318       |   2.721   |   1.938   |   0.712   |   2.762
38.  	WOLVERHAMPTON         |    72.041     |      54.677       |   2.853   |   1.744   |   0.611   |   2.131
39.  	MONACO                |    73.350     |      53.443       |   2.574   |   2.115   |   0.822   |   3.475
40.  	LILLE                 |    71.977     |      54.317       |   2.795   |   1.772   |   0.634   |   2.248
41.  	ATL BILBAO            |    71.291     |      53.823       |   2.765   |   1.717   |   0.621   |   2.133
42.  	UNION BERLIN          |    71.137     |      52.400       |   2.555   |   1.851   |   0.725   |   2.683
43.  	BETIS                 |    71.319     |      52.204       |   2.518   |   1.905   |   0.757   |   2.883
44.  	HERTHA BERLIN         |    70.653     |      51.635       |   2.477   |   1.860   |   0.751   |   2.794
45.  	MARSEILLE             |    69.596     |      51.268       |   2.483   |   1.731   |   0.697   |   2.414
46.  	HOFFENHEIM            |    70.272     |      50.130       |   2.313   |   1.979   |   0.855   |   3.385
47.  	LAZIO                 |    69.773     |      50.245       |   2.345   |   1.879   |   0.801   |   3.010
48.  	FLAMENGO              |    69.291     |      49.281       |   2.256   |   1.916   |   0.849   |   3.254
49.  	SPORTING              |    68.334     |      49.960       |   2.373   |   1.681   |   0.709   |   2.383
50.  	STUTTGART             |    69.161     |      49.225       |   2.255   |   1.901   |   0.843   |   3.204
51.  	GETAFE                |    66.986     |      50.644       |   2.548   |   1.420   |   0.557   |   1.582
52.  	LEVANTE               |    68.618     |      49.240       |   2.275   |   1.809   |   0.795   |   2.876
53.  	RENNES                |    67.505     |      49.726       |   2.382   |   1.583   |   0.665   |   2.104
54.  	EIBAR                 |    66.520     |      49.388       |   2.386   |   1.479   |   0.620   |   1.833
55.  	FREIBURG              |    67.891     |      48.137       |   2.182   |   1.823   |   0.836   |   3.047
56.  	GRANADA               |    67.252     |      48.117       |   2.200   |   1.723   |   0.783   |   2.700
57.  	OSASUNA               |    66.645     |      48.107       |   2.219   |   1.632   |   0.735   |   2.399
58.  	VALENCIA              |    67.117     |      47.623       |   2.152   |   1.760   |   0.818   |   2.879
59.  	CRYSTAL PALACE        |    66.245     |      47.243       |   2.139   |   1.669   |   0.780   |   2.604
60.  	ALAVES                |    64.835     |      47.038       |   2.162   |   1.486   |   0.688   |   2.044
61.  	SASSUOLO              |    66.293     |      45.808       |   2.004   |   1.851   |   0.924   |   3.418
62.  	SAO PAULO             |    64.719     |      45.988       |   2.054   |   1.583   |   0.771   |   2.441
63.  	ATLETICO-MG           |    65.011     |      45.397       |   1.993   |   1.696   |   0.851   |   2.887
64.  	LENS                  |    64.104     |      45.087       |   1.984   |   1.595   |   0.804   |   2.566
65.  	FIORENTINA            |    63.792     |      45.180       |   1.999   |   1.539   |   0.770   |   2.371
66.  	BRAGA                 |    64.194     |      44.842       |   1.960   |   1.637   |   0.835   |   2.735
67.  	FULHAM                |    63.495     |      45.168       |   2.005   |   1.499   |   0.748   |   2.241
68.  	GREMIO                |    63.047     |      44.799       |   1.979   |   1.476   |   0.746   |   2.201
69.  	BURNLEY               |    62.587     |      44.898       |   2.000   |   1.403   |   0.702   |   1.969
70.  	NEWCASTLE             |    63.000     |      44.281       |   1.933   |   1.526   |   0.790   |   2.411
71.  	WERDER BREMEN         |    62.521     |      43.512       |   1.876   |   1.545   |   0.824   |   2.545
72.  	INTERNACIONAL         |    61.523     |      43.268       |   1.871   |   1.432   |   0.765   |   2.192
73.  	VALLADOLID            |    61.063     |      42.792       |   1.838   |   1.421   |   0.773   |   2.198
74.  	MONTPELLIER           |    62.193     |      41.907       |   1.761   |   1.691   |   0.960   |   3.247
75.  	PALMEIRAS             |    60.932     |      42.493       |   1.815   |   1.436   |   0.791   |   2.272
76.  	CADIZ                 |    59.857     |      43.032       |   1.878   |   1.241   |   0.661   |   1.640
77.  	UDINESE               |    60.869     |      42.311       |   1.802   |   1.447   |   0.803   |   2.326
78.  	HUESCA                |    60.635     |      42.387       |   1.810   |   1.407   |   0.777   |   2.187
79.  	ST ETIENNE            |    59.857     |      41.626       |   1.760   |   1.385   |   0.787   |   2.181
80.  	ANGERS                |    60.020     |      41.429       |   1.744   |   1.429   |   0.820   |   2.342
81.  	KOLN                  |    60.228     |      41.134       |   1.721   |   1.492   |   0.867   |   2.587
82.  	STRASBOURG            |    60.586     |      40.854       |   1.701   |   1.578   |   0.928   |   2.928
83.  	BOLOGNA               |    60.625     |      40.821       |   1.698   |   1.588   |   0.935   |   2.970
84.  	HELLAS VERONA         |    59.868     |      41.294       |   1.735   |   1.423   |   0.820   |   2.335
85.  	AUGSBURG              |    59.768     |      41.158       |   1.726   |   1.425   |   0.826   |   2.352
86.  	TORINO                |    59.693     |      39.672       |   1.631   |   1.593   |   0.977   |   3.112
87.  	BORDEAUX              |    58.207     |      40.673       |   1.702   |   1.271   |   0.747   |   1.899
88.  	SHEFFIELD UNITED      |    58.443     |      40.490       |   1.687   |   1.321   |   0.783   |   2.068
89.  	SAMPDORIA             |    59.299     |      39.652       |   1.630   |   1.537   |   0.943   |   2.897
90.  	BREST                 |    58.830     |      38.516       |   1.566   |   1.612   |   1.029   |   3.318
91.  	MAINZ                 |    57.860     |      38.152       |   1.545   |   1.514   |   0.980   |   2.966
92.  	NICE                  |    57.334     |      38.451       |   1.560   |   1.402   |   0.898   |   2.519
93.  	METZ                  |    56.303     |      38.669       |   1.573   |   1.241   |   0.789   |   1.959
94.  	REIMS                 |    56.987     |      38.184       |   1.545   |   1.386   |   0.897   |   2.486
95.  	ELCHE                 |    55.736     |      38.107       |   1.538   |   1.230   |   0.799   |   1.966
96.  	BENEVENTO             |    56.421     |      37.528       |   1.508   |   1.386   |   0.919   |   2.547
97.  	CAGLIARI              |    55.758     |      35.811       |   1.423   |   1.509   |   1.060   |   3.200
98.  	BRAGANTINO            |    54.324     |      35.790       |   1.411   |   1.308   |   0.927   |   2.425
99.  	NANTES                |    54.201     |      35.572       |   1.400   |   1.317   |   0.941   |   2.479
100.  	SPEZIA                |    53.929     |      34.882       |   1.368   |   1.365   |   0.998   |   2.726
101.  	VITORIA DE GUIMARAES  |    53.156     |      35.154       |   1.372   |   1.228   |   0.895   |   2.199
102.  	FLUMINENSE            |    53.113     |      34.867       |   1.359   |   1.256   |   0.924   |   2.322
103.  	ARMINIA               |    52.610     |      34.695       |   1.347   |   1.211   |   0.899   |   2.177
104.  	GENOA                 |    52.765     |      33.860       |   1.315   |   1.333   |   1.013   |   2.702
105.  	CEARA                 |    51.655     |      33.172       |   1.277   |   1.268   |   0.993   |   2.519
106.  	ATHLETICO-PR          |    50.862     |      33.485       |   1.277   |   1.128   |   0.883   |   1.992
107.  	WEST BROM             |    51.393     |      33.074       |   1.270   |   1.245   |   0.980   |   2.441
108.  	SANTOS                |    51.000     |      32.546       |   1.246   |   1.258   |   1.010   |   2.540
109.  	PARMA                 |    50.954     |      32.285       |   1.237   |   1.285   |   1.039   |   2.671
110.  	PACOS DE FERREIRA     |    50.405     |      32.463       |   1.235   |   1.189   |   0.963   |   2.290
111.  	CORINTHIANS           |    50.155     |      32.355       |   1.227   |   1.170   |   0.953   |   2.230
112.  	LORIENT               |    50.325     |      31.599       |   1.207   |   1.288   |   1.068   |   2.751
113.  	SCHALKE 04            |    50.135     |      31.442       |   1.199   |   1.283   |   1.070   |   2.745
114.  	CROTONE               |    48.898     |      30.789       |   1.160   |   1.199   |   1.034   |   2.479
115.  	FORTALEZA             |    47.513     |      30.900       |   1.137   |   1.010   |   0.889   |   1.796
116.  	DIJON                 |    47.297     |      30.272       |   1.116   |   1.056   |   0.946   |   1.999
117.  	RIO AVE               |    46.518     |      29.607       |   1.084   |   1.038   |   0.958   |   1.990
118.  	BAHIA                 |    47.044     |      28.541       |   1.074   |   1.249   |   1.163   |   2.906
119.  	PORTIMONENSE          |    45.082     |      28.414       |   1.027   |   1.004   |   0.977   |   1.963
120.  	GIL VICENTE           |    44.699     |      28.374       |   1.017   |   0.962   |   0.946   |   1.819
121.  	FAMALICAO             |    45.054     |      27.553       |   1.013   |   1.111   |   1.097   |   2.438
122.  	ATLETICO-GO           |    44.003     |      27.478       |   0.986   |   0.985   |   0.999   |   1.968
123.  	SANTA CLARA           |    43.683     |      26.717       |   0.967   |   1.042   |   1.077   |   2.243
124.  	NIMES                 |    43.777     |      25.927       |   0.961   |   1.167   |   1.214   |   2.833
125.  	MARITIMO              |    42.786     |      26.246       |   0.938   |   0.988   |   1.053   |   2.079
126.  	BOAVISTA              |    42.323     |      25.983       |   0.923   |   0.963   |   1.043   |   2.010
127.  	BOTAFOGO              |    42.437     |      25.265       |   0.920   |   1.076   |   1.170   |   2.518
128.  	VASCO                 |    41.926     |      25.119       |   0.905   |   1.028   |   1.136   |   2.334
129.  	MOREIRENSE            |    40.543     |      25.081       |   0.864   |   0.858   |   0.992   |   1.702
130.  	BELENENSES            |    39.648     |      25.042       |   0.836   |   0.760   |   0.909   |   1.381
131.  	FARENSE               |    40.389     |      23.748       |   0.855   |   1.017   |   1.190   |   2.422
132.  	GOIAS                 |    40.173     |      23.337       |   0.847   |   1.049   |   1.238   |   2.599
133.  	SPORT                 |    38.110     |      22.374       |   0.784   |   0.911   |   1.163   |   2.118
134.  	CORITIBA              |    38.106     |      22.352       |   0.784   |   0.914   |   1.166   |   2.131
135.  	NACIONAL              |    37.147     |      21.410       |   0.756   |   0.925   |   1.224   |   2.263
136.  	TONDELA               |    36.079     |      20.428       |   0.727   |   0.931   |   1.282   |   2.388

============================================================================================================================

#           Club              |  SPI Default  |  SPI Round-Robin  |   Power   |    ATK    |    DEF    |    OFF
1.  	FLAMENGO              |    69.291     |      62.603       |   2.256   |   1.916   |   0.849   |   3.254
2.  	SAO PAULO             |    64.719     |      58.380       |   2.054   |   1.583   |   0.771   |   2.441
3.  	ATLETICO-MG           |    65.011     |      58.311       |   1.993   |   1.696   |   0.851   |   2.887
4.  	GREMIO                |    63.047     |      56.846       |   1.979   |   1.476   |   0.746   |   2.201
5.  	INTERNACIONAL         |    61.523     |      55.258       |   1.871   |   1.432   |   0.765   |   2.192
6.  	PALMEIRAS             |    60.932     |      54.563       |   1.815   |   1.436   |   0.791   |   2.272
7.  	BRAGANTINO            |    54.324     |      47.611       |   1.411   |   1.308   |   0.927   |   2.425
8.  	FLUMINENSE            |    53.113     |      46.470       |   1.359   |   1.256   |   0.924   |   2.322
9.  	CEARA                 |    51.655     |      44.828       |   1.277   |   1.268   |   0.993   |   2.519
10.  	ATHLETICO-PR          |    50.862     |      44.504       |   1.277   |   1.128   |   0.883   |   1.992
11.  	SANTOS                |    51.000     |      44.151       |   1.246   |   1.258   |   1.010   |   2.540
12.  	CORINTHIANS           |    50.155     |      43.566       |   1.227   |   1.170   |   0.953   |   2.230
13.  	FORTALEZA             |    47.513     |      41.339       |   1.137   |   1.010   |   0.889   |   1.796
14.  	BAHIA                 |    47.044     |      39.945       |   1.074   |   1.249   |   1.163   |   2.906
15.  	ATLETICO-GO           |    44.003     |      37.683       |   0.986   |   0.985   |   0.999   |   1.968
16.  	BOTAFOGO              |    42.437     |      35.708       |   0.920   |   1.076   |   1.170   |   2.518
17.  	VASCO                 |    41.926     |      35.346       |   0.905   |   1.028   |   1.136   |   2.334
18.  	GOIAS                 |    40.173     |      33.466       |   0.847   |   1.049   |   1.238   |   2.599
19.  	SPORT                 |    38.110     |      31.824       |   0.784   |   0.911   |   1.163   |   2.118
20.  	CORITIBA              |    38.106     |      31.811       |   0.784   |   0.914   |   1.166   |   2.131

============================================================================================================================

#           Club              |  SPI Default  |  SPI Round-Robin  |   Power   |    ATK    |    DEF    |    OFF
1.  	MANCHESTER CITY       |    93.202     |      73.898       |   8.541   |   3.301   |   0.387   |   2.552
2.  	LIVERPOOL             |    91.168     |      67.527       |   6.295   |   3.232   |   0.513   |   3.319
3.  	CHELSEA               |    86.553     |      59.631       |   4.885   |   2.731   |   0.559   |   3.054
4.  	MANCHESTER UNITED     |    86.191     |      58.533       |   4.671   |   2.747   |   0.588   |   3.231
5.  	TOTTENHAM             |    81.458     |      53.080       |   3.999   |   2.297   |   0.574   |   2.638
6.  	ASTON VILLA           |    79.537     |      49.978       |   3.583   |   2.230   |   0.623   |   2.777
7.  	LEICESTER             |    79.307     |      49.796       |   3.565   |   2.209   |   0.620   |   2.737
8.  	ARSENAL               |    78.354     |      49.585       |   3.577   |   2.083   |   0.582   |   2.427
9.  	SOUTHAMPTON           |    76.608     |      47.372       |   3.313   |   2.002   |   0.604   |   2.421
10.  	WEST HAM              |    76.494     |      46.445       |   3.190   |   2.056   |   0.644   |   2.649
11.  	EVERTON               |    75.435     |      44.958       |   3.029   |   2.024   |   0.668   |   2.704
12.  	WOLVERHAMPTON         |    72.041     |      42.988       |   2.853   |   1.744   |   0.611   |   2.131
13.  	BRIGHTON              |    73.007     |      42.122       |   2.748   |   1.923   |   0.700   |   2.691
14.  	LEEDS                 |    74.736     |      41.540       |   2.681   |   2.201   |   0.821   |   3.614
15.  	CRYSTAL PALACE        |    66.245     |      35.105       |   2.139   |   1.669   |   0.780   |   2.604
16.  	BURNLEY               |    62.587     |      33.686       |   2.000   |   1.403   |   0.702   |   1.969
17.  	FULHAM                |    63.495     |      33.574       |   2.005   |   1.499   |   0.748   |   2.241
18.  	NEWCASTLE             |    63.000     |      32.532       |   1.933   |   1.526   |   0.790   |   2.411
19.  	SHEFFIELD UNITED      |    58.443     |      29.457       |   1.687   |   1.321   |   0.783   |   2.068
20.  	WEST BROM             |    51.393     |      22.462       |   1.270   |   1.245   |   0.980   |   2.441

============================================================================================================================

#           Club              |  SPI Default  |  SPI Round-Robin  |   Power   |    ATK    |    DEF    |    OFF
1.  	BAYERN MUNCHEN        |    92.811     |      76.214       |   6.558   |   3.609   |   0.550   |   3.973
2.  	LEIPZIG               |    84.791     |      65.345       |   4.969   |   2.429   |   0.489   |   2.374
3.  	DORTMUND              |    85.472     |      64.768       |   4.639   |   2.639   |   0.569   |   3.001
4.  	BAYER LEVERKUSEN      |    79.769     |      57.325       |   3.681   |   2.213   |   0.601   |   2.662
5.  	MONCHENGLADBACH       |    76.295     |      51.365       |   2.966   |   2.176   |   0.734   |   3.194
6.  	WOLFSBURG             |    73.725     |      49.672       |   2.856   |   1.932   |   0.676   |   2.614
7.  	EINTRACHT FRANKFURT   |    74.258     |      48.819       |   2.735   |   2.089   |   0.764   |   3.193
8.  	UNION BERLIN          |    71.137     |      46.391       |   2.555   |   1.851   |   0.725   |   2.683
9.  	HERTHA BERLIN         |    70.653     |      45.530       |   2.477   |   1.860   |   0.751   |   2.794
10.  	HOFFENHEIM            |    70.272     |      43.657       |   2.313   |   1.979   |   0.855   |   3.385
11.  	STUTTGART             |    69.161     |      42.813       |   2.255   |   1.901   |   0.843   |   3.204
12.  	FREIBURG              |    67.891     |      41.777       |   2.182   |   1.823   |   0.836   |   3.047
13.  	WERDER BREMEN         |    62.521     |      37.364       |   1.876   |   1.545   |   0.824   |   2.545
14.  	AUGSBURG              |    59.768     |      35.127       |   1.726   |   1.425   |   0.826   |   2.352
15.  	KOLN                  |    60.228     |      34.951       |   1.721   |   1.492   |   0.867   |   2.587
16.  	MAINZ                 |    57.860     |      31.776       |   1.545   |   1.514   |   0.980   |   2.966
17.  	ARMINIA               |    52.610     |      28.868       |   1.347   |   1.211   |   0.899   |   2.177
18.  	SCHALKE 04            |    50.135     |      25.388       |   1.199   |   1.283   |   1.070   |   2.745

============================================================================================================================

#           Club              |  SPI Default  |  SPI Round-Robin  |   Power   |    ATK    |    DEF    |    OFF
1.  	PORTO                 |    75.629     |      71.037       |   2.960   |   2.094   |   0.707   |   2.961
2.  	BENFICA               |    72.971     |      68.375       |   2.721   |   1.938   |   0.712   |   2.762
3.  	SPORTING              |    68.334     |      63.826       |   2.373   |   1.681   |   0.709   |   2.383
4.  	BRAGA                 |    64.194     |      59.404       |   1.960   |   1.637   |   0.835   |   2.735
5.  	VITORIA DE GUIMARAES  |    53.156     |      48.709       |   1.372   |   1.228   |   0.895   |   2.199
6.  	PACOS DE FERREIRA     |    50.405     |      45.961       |   1.235   |   1.189   |   0.963   |   2.290
7.  	RIO AVE               |    46.518     |      42.332       |   1.084   |   1.038   |   0.958   |   1.990
8.  	PORTIMONENSE          |    45.082     |      40.953       |   1.027   |   1.004   |   0.977   |   1.963
9.  	FAMALICAO             |    45.054     |      40.707       |   1.013   |   1.111   |   1.097   |   2.438
10.  	GIL VICENTE           |    44.699     |      40.658       |   1.017   |   0.962   |   0.946   |   1.819
11.  	SANTA CLARA           |    43.683     |      39.470       |   0.967   |   1.042   |   1.077   |   2.243
12.  	MARITIMO              |    42.786     |      38.681       |   0.938   |   0.988   |   1.053   |   2.079
13.  	BOAVISTA              |    42.323     |      38.268       |   0.923   |   0.963   |   1.043   |   2.010
14.  	MOREIRENSE            |    40.543     |      36.706       |   0.864   |   0.858   |   0.992   |   1.702
15.  	FARENSE               |    40.389     |      36.254       |   0.855   |   1.017   |   1.190   |   2.422
16.  	BELENENSES            |    39.648     |      36.024       |   0.836   |   0.760   |   0.909   |   1.381
17.  	NACIONAL              |    37.147     |      33.236       |   0.756   |   0.925   |   1.224   |   2.263
18.  	TONDELA               |    36.079     |      32.191       |   0.727   |   0.931   |   1.282   |   2.388

============================================================================================================================

#           Club              |  SPI Default  |  SPI Round-Robin  |   Power   |    ATK    |    DEF    |    OFF
1.  	BARCELONA             |    92.175     |      70.670       |   6.370   |   3.474   |   0.545   |   3.790
2.  	ATL MADRID            |    87.584     |      65.967       |   6.137   |   2.572   |   0.419   |   2.157
3.  	REAL MADRID           |    88.094     |      65.344       |   5.693   |   2.759   |   0.485   |   2.674
4.  	REAL SOCIEDAD         |    82.145     |      57.205       |   4.348   |   2.258   |   0.519   |   2.345
5.  	SEVILLA               |    79.786     |      55.109       |   4.125   |   2.041   |   0.495   |   2.020
6.  	VILLARREAL            |    79.752     |      53.397       |   3.755   |   2.178   |   0.580   |   2.526
7.  	CELTA                 |    74.172     |      45.739       |   2.851   |   1.989   |   0.698   |   2.775
8.  	ATL BILBAO            |    71.291     |      44.467       |   2.765   |   1.717   |   0.621   |   2.133
9.  	BETIS                 |    71.319     |      42.207       |   2.518   |   1.905   |   0.757   |   2.883
10.  	GETAFE                |    66.986     |      41.993       |   2.548   |   1.420   |   0.557   |   1.582
11.  	EIBAR                 |    66.520     |      40.467       |   2.386   |   1.479   |   0.620   |   1.833
12.  	LEVANTE               |    68.618     |      39.325       |   2.275   |   1.809   |   0.795   |   2.876
13.  	OSASUNA               |    66.645     |      38.645       |   2.219   |   1.632   |   0.735   |   2.399
14.  	GRANADA               |    67.252     |      38.389       |   2.200   |   1.723   |   0.783   |   2.700
15.  	ALAVES                |    64.835     |      37.978       |   2.162   |   1.486   |   0.688   |   2.044
16.  	VALENCIA              |    67.117     |      37.769       |   2.152   |   1.760   |   0.818   |   2.879
17.  	CADIZ                 |    59.857     |      34.671       |   1.878   |   1.241   |   0.661   |   1.640
18.  	VALLADOLID            |    61.063     |      33.814       |   1.838   |   1.421   |   0.773   |   2.198
19.  	HUESCA                |    60.635     |      33.448       |   1.810   |   1.407   |   0.777   |   2.187
20.  	ELCHE                 |    55.736     |      29.738       |   1.538   |   1.230   |   0.799   |   1.966

============================================================================================================================

#           Club              |  SPI Default  |  SPI Round-Robin  |   Power   |    ATK    |    DEF    |    OFF
1.  	ATALANTA              |    82.999     |      66.157       |   3.876   |   2.577   |   0.665   |   3.426
2.  	JUVENTUS              |    82.541     |      65.937       |   3.902   |   2.494   |   0.639   |   3.187
3.  	NAPOLI                |    80.711     |      64.484       |   3.851   |   2.260   |   0.587   |   2.652
4.  	INTER                 |    81.617     |      63.619       |   3.511   |   2.568   |   0.732   |   3.758
5.  	MILAN                 |    80.446     |      62.199       |   3.375   |   2.477   |   0.734   |   3.636
6.  	ROMA                  |    78.489     |      60.068       |   3.194   |   2.314   |   0.725   |   3.355
7.  	LAZIO                 |    69.773     |      49.922       |   2.345   |   1.879   |   0.801   |   3.010
8.  	SASSUOLO              |    66.293     |      45.163       |   2.004   |   1.851   |   0.924   |   3.418
9.  	FIORENTINA            |    63.792     |      44.617       |   1.999   |   1.539   |   0.770   |   2.371
10.  	UDINESE               |    60.869     |      41.586       |   1.802   |   1.447   |   0.803   |   2.326
11.  	HELLAS VERONA         |    59.868     |      40.510       |   1.735   |   1.423   |   0.820   |   2.335
12.  	BOLOGNA               |    60.625     |      39.921       |   1.698   |   1.588   |   0.935   |   2.970
13.  	SAMPDORIA             |    59.299     |      38.694       |   1.630   |   1.537   |   0.943   |   2.897
14.  	TORINO                |    59.693     |      38.688       |   1.631   |   1.593   |   0.977   |   3.112
15.  	BENEVENTO             |    56.421     |      36.503       |   1.508   |   1.386   |   0.919   |   2.547
16.  	CAGLIARI              |    55.758     |      34.600       |   1.423   |   1.509   |   1.060   |   3.200
17.  	SPEZIA                |    53.929     |      33.691       |   1.368   |   1.365   |   0.998   |   2.726
18.  	GENOA                 |    52.765     |      32.622       |   1.315   |   1.333   |   1.013   |   2.702
19.  	PARMA                 |    50.954     |      30.976       |   1.237   |   1.285   |   1.039   |   2.671
20.  	CROTONE               |    48.898     |      29.446       |   1.160   |   1.199   |   1.034   |   2.479

============================================================================================================================

#           Club              |  SPI Default  |  SPI Round-Robin  |   Power   |    ATK    |    DEF    |    OFF
1.  	PSG                   |    85.948     |      72.939       |   4.688   |   2.699   |   0.576   |   3.108
2.  	LYON                  |    79.480     |      64.964       |   3.632   |   2.199   |   0.605   |   2.663
3.  	LILLE                 |    71.977     |      56.683       |   2.795   |   1.772   |   0.634   |   2.248
4.  	MONACO                |    73.350     |      56.066       |   2.574   |   2.115   |   0.822   |   3.475
5.  	MARSEILLE             |    69.596     |      53.596       |   2.483   |   1.731   |   0.697   |   2.414
6.  	RENNES                |    67.505     |      51.930       |   2.382   |   1.583   |   0.665   |   2.104
7.  	LENS                  |    64.104     |      47.232       |   1.984   |   1.595   |   0.804   |   2.566
8.  	MONTPELLIER           |    62.193     |      44.014       |   1.761   |   1.691   |   0.960   |   3.247
9.  	ST ETIENNE            |    59.857     |      43.558       |   1.760   |   1.385   |   0.787   |   2.181
10.  	ANGERS                |    60.020     |      43.382       |   1.744   |   1.429   |   0.820   |   2.342
11.  	STRASBOURG            |    60.586     |      42.867       |   1.701   |   1.578   |   0.928   |   2.928
12.  	BORDEAUX              |    58.207     |      42.512       |   1.702   |   1.271   |   0.747   |   1.899
13.  	BREST                 |    58.830     |      40.452       |   1.566   |   1.612   |   1.029   |   3.318
14.  	METZ                  |    56.303     |      40.435       |   1.573   |   1.241   |   0.789   |   1.959
15.  	NICE                  |    57.334     |      40.292       |   1.560   |   1.402   |   0.898   |   2.519
16.  	REIMS                 |    56.987     |      40.007       |   1.545   |   1.386   |   0.897   |   2.486
17.  	NANTES                |    54.201     |      37.262       |   1.400   |   1.317   |   0.941   |   2.479
18.  	LORIENT               |    50.325     |      33.089       |   1.207   |   1.288   |   1.068   |   2.751
19.  	DIJON                 |    47.297     |      31.635       |   1.116   |   1.056   |   0.946   |   1.999
20.  	NIMES                 |    43.777     |      27.063       |   0.961   |   1.167   |   1.214   |   2.833
