#           Club              |  SPI Default  |  SPI Round-Robin  |   Power   |    ATK    |    DEF    |    OFF
1.  	MANCHESTER CITY       |    93.339     |      82.588       |   8.160   |   3.403   |   0.417   |   2.838
2.  	BAYERN MUNCHEN        |    93.654     |      81.690       |   6.925   |   3.789   |   0.547   |   4.146
3.  	LIVERPOOL             |    91.781     |      78.731       |   6.297   |   3.387   |   0.538   |   3.643
4.  	BARCELONA             |    91.354     |      77.861       |   6.024   |   3.356   |   0.557   |   3.740
5.  	ATL MADRID            |    88.633     |      75.885       |   6.451   |   2.684   |   0.416   |   2.234
6.  	CHELSEA               |    87.826     |      73.207       |   5.273   |   2.829   |   0.537   |   3.036
7.  	DORTMUND              |    87.285     |      72.550       |   5.179   |   2.762   |   0.533   |   2.946
8.  	REAL MADRID           |    87.122     |      72.686       |   5.311   |   2.694   |   0.507   |   2.733
9.  	PSG                   |    87.450     |      71.798       |   4.798   |   2.925   |   0.610   |   3.566
10.  	MANCHESTER UNITED     |    85.364     |      69.589       |   4.584   |   2.642   |   0.576   |   3.045
11.  	LEIPZIG               |    84.943     |      69.499       |   4.673   |   2.543   |   0.544   |   2.768
12.  	REAL SOCIEDAD         |    83.743     |      68.570       |   4.666   |   2.370   |   0.508   |   2.408
13.  	NAPOLI                |    83.040     |      67.068       |   4.297   |   2.398   |   0.558   |   2.676
14.  	TOTTENHAM             |    82.975     |      66.966       |   4.278   |   2.395   |   0.560   |   2.683
15.  	MILAN                 |    83.190     |      65.572       |   3.822   |   2.635   |   0.689   |   3.634
16.  	INTER                 |    82.804     |      64.795       |   3.692   |   2.647   |   0.717   |   3.795
17.  	JUVENTUS              |    81.924     |      65.015       |   3.899   |   2.405   |   0.617   |   2.967
18.  	VILLARREAL            |    80.541     |      64.052       |   3.884   |   2.223   |   0.572   |   2.545
19.  	SEVILLA               |    79.424     |      63.481       |   3.932   |   2.066   |   0.525   |   2.171
20.  	BAYER LEVERKUSEN      |    78.920     |      61.820       |   3.559   |   2.162   |   0.608   |   2.627
21.  	LEICESTER             |    78.557     |      60.932       |   3.401   |   2.197   |   0.646   |   2.839
22.  	LYON                  |    77.554     |      60.342       |   3.399   |   2.072   |   0.609   |   2.525
23.  	ATALANTA              |    78.364     |      59.708       |   3.171   |   2.312   |   0.729   |   3.371
24.  	ARSENAL               |    77.256     |      60.268       |   3.423   |   2.025   |   0.592   |   2.395
25.  	SOUTHAMPTON           |    77.770     |      59.835       |   3.261   |   2.175   |   0.667   |   2.900
26.  	WEST HAM              |    77.146     |      59.125       |   3.187   |   2.139   |   0.671   |   2.871
27.  	ROMA                  |    77.223     |      58.562       |   3.072   |   2.224   |   0.724   |   3.221
28.  	MONCHENGLADBACH       |    76.682     |      57.788       |   2.985   |   2.214   |   0.742   |   3.284
29.  	ASTON VILLA           |    75.555     |      57.020       |   2.950   |   2.091   |   0.709   |   2.965
30.  	MONACO                |    75.721     |      56.309       |   2.821   |   2.212   |   0.784   |   3.469
31.  	EVERTON               |    75.078     |      56.263       |   2.862   |   2.094   |   0.732   |   3.064
32.  	BRIGHTON              |    74.051     |      55.981       |   2.899   |   1.942   |   0.670   |   2.601
33.  	BENFICA               |    74.325     |      55.684       |   2.827   |   2.025   |   0.716   |   2.902
34.  	WOLVERHAMPTON         |    72.930     |      56.087       |   3.024   |   1.743   |   0.576   |   2.010
35.  	WOLFSBURG             |    73.211     |      54.690       |   2.751   |   1.945   |   0.707   |   2.751
36.  	EINTRACHT FRANKFURT   |    73.478     |      54.278       |   2.671   |   2.042   |   0.765   |   3.123
37.  	PORTO                 |    72.874     |      53.996       |   2.668   |   1.968   |   0.738   |   2.904
38.  	LILLE                 |    72.091     |      54.349       |   2.779   |   1.795   |   0.646   |   2.320
39.  	LEEDS                 |    72.838     |      53.666       |   2.623   |   2.002   |   0.763   |   3.055
40.  	HERTHA BERLIN         |    72.455     |      53.377       |   2.606   |   1.969   |   0.756   |   2.975
41.  	CELTA                 |    71.702     |      52.924       |   2.586   |   1.893   |   0.732   |   2.770
42.  	ATL BILBAO            |    70.711     |      53.299       |   2.709   |   1.691   |   0.624   |   2.111
43.  	MARSEILLE             |    70.031     |      51.934       |   2.544   |   1.732   |   0.681   |   2.360
44.  	HOFFENHEIM            |    70.873     |      50.690       |   2.347   |   2.021   |   0.861   |   3.480
45.  	BETIS                 |    70.324     |      51.017       |   2.408   |   1.885   |   0.783   |   2.953
46.  	UNION BERLIN          |    69.547     |      50.421       |   2.369   |   1.827   |   0.771   |   2.817
47.  	LAZIO                 |    69.745     |      50.113       |   2.326   |   1.896   |   0.815   |   3.093
48.  	GETAFE                |    67.697     |      50.991       |   2.547   |   1.488   |   0.584   |   1.738
49.  	FLAMENGO              |    69.356     |      49.643       |   2.288   |   1.888   |   0.825   |   3.117
50.  	SPORTING              |    68.619     |      49.928       |   2.350   |   1.735   |   0.738   |   2.561
51.  	LEVANTE               |    68.709     |      49.712       |   2.320   |   1.774   |   0.764   |   2.712
52.  	OSASUNA               |    66.942     |      49.022       |   2.311   |   1.581   |   0.684   |   2.163
53.  	SASSUOLO              |    67.846     |      47.692       |   2.135   |   1.875   |   0.878   |   3.295
54.  	VALENCIA              |    67.200     |      47.970       |   2.181   |   1.737   |   0.796   |   2.766
55.  	GRANADA               |    67.347     |      47.844       |   2.164   |   1.775   |   0.820   |   2.913
56.  	CRYSTAL PALACE        |    66.883     |      47.932       |   2.188   |   1.692   |   0.773   |   2.618
57.  	RENNES                |    65.911     |      47.614       |   2.185   |   1.582   |   0.724   |   2.291
58.  	STUTTGART             |    66.921     |      46.825       |   2.077   |   1.830   |   0.881   |   3.225
59.  	EIBAR                 |    65.023     |      48.070       |   2.274   |   1.412   |   0.621   |   1.753
60.  	ALAVES                |    65.456     |      47.599       |   2.199   |   1.518   |   0.690   |   2.097
61.  	GREMIO                |    64.882     |      46.529       |   2.101   |   1.551   |   0.738   |   2.290
62.  	ATLETICO-MG           |    65.582     |      45.807       |   2.015   |   1.739   |   0.863   |   3.003
63.  	NEWCASTLE             |    64.828     |      46.134       |   2.063   |   1.587   |   0.769   |   2.441
64.  	CADIZ                 |    63.640     |      46.704       |   2.161   |   1.364   |   0.631   |   1.722
65.  	KOLN                  |    64.496     |      44.823       |   1.951   |   1.689   |   0.865   |   2.923
66.  	WERDER BREMEN         |    64.150     |      44.791       |   1.955   |   1.640   |   0.839   |   2.751
67.  	SAO PAULO             |    63.355     |      44.906       |   1.980   |   1.510   |   0.763   |   2.304
68.  	FIORENTINA            |    63.346     |      44.348       |   1.931   |   1.571   |   0.814   |   2.558
69.  	MONTPELLIER           |    63.391     |      43.620       |   1.871   |   1.664   |   0.889   |   2.959
70.  	LENS                  |    62.832     |      43.993       |   1.909   |   1.537   |   0.805   |   2.475
71.  	BRAGA                 |    63.054     |      43.806       |   1.891   |   1.591   |   0.842   |   2.678
72.  	FREIBURG              |    62.993     |      43.046       |   1.833   |   1.673   |   0.913   |   3.054
73.  	SHEFFIELD UNITED      |    61.782     |      43.727       |   1.904   |   1.420   |   0.746   |   2.118
74.  	HUESCA                |    62.038     |      43.438       |   1.876   |   1.486   |   0.792   |   2.356
75.  	PALMEIRAS             |    61.742     |      43.198       |   1.860   |   1.472   |   0.791   |   2.329
76.  	FULHAM                |    62.050     |      42.880       |   1.831   |   1.552   |   0.847   |   2.630
77.  	BURNLEY               |    61.136     |      43.077       |   1.859   |   1.402   |   0.754   |   2.114
78.  	BOLOGNA               |    61.728     |      42.065       |   1.774   |   1.601   |   0.902   |   2.889
79.  	VALLADOLID            |    60.483     |      42.327       |   1.806   |   1.394   |   0.772   |   2.153
80.  	INTERNACIONAL         |    60.030     |      41.826       |   1.772   |   1.387   |   0.783   |   2.172
81.  	HELLAS VERONA         |    60.210     |      41.318       |   1.734   |   1.469   |   0.847   |   2.489
82.  	ANGERS                |    60.269     |      41.130       |   1.720   |   1.499   |   0.871   |   2.612
83.  	AUGSBURG              |    59.950     |      40.977       |   1.712   |   1.471   |   0.860   |   2.530
84.  	BORDEAUX              |    59.028     |      41.593       |   1.765   |   1.282   |   0.726   |   1.861
85.  	NICE                  |    59.699     |      40.907       |   1.709   |   1.444   |   0.845   |   2.442
86.  	UDINESE               |    59.284     |      41.011       |   1.719   |   1.376   |   0.801   |   2.204
87.  	STRASBOURG            |    59.814     |      40.277       |   1.667   |   1.535   |   0.921   |   2.827
88.  	SAMPDORIA             |    58.474     |      39.023       |   1.594   |   1.493   |   0.937   |   2.798
89.  	TORINO                |    58.981     |      38.658       |   1.574   |   1.615   |   1.026   |   3.314
90.  	MAINZ                 |    58.285     |      37.925       |   1.535   |   1.605   |   1.046   |   3.358
91.  	ELCHE                 |    56.400     |      38.702       |   1.575   |   1.249   |   0.793   |   1.981
92.  	ST ETIENNE            |    56.347     |      38.347       |   1.554   |   1.281   |   0.824   |   2.111
93.  	CAGLIARI              |    57.401     |      37.534       |   1.513   |   1.523   |   1.007   |   3.068
94.  	REIMS                 |    56.014     |      37.289       |   1.495   |   1.356   |   0.908   |   2.462
95.  	BREST                 |    56.293     |      36.193       |   1.444   |   1.534   |   1.063   |   3.261
96.  	ARMINIA               |    54.844     |      36.187       |   1.434   |   1.328   |   0.926   |   2.460
97.  	WEST BROM             |    54.832     |      36.170       |   1.433   |   1.328   |   0.927   |   2.463
98.  	NANTES                |    54.872     |      36.065       |   1.428   |   1.346   |   0.943   |   2.539
99.  	METZ                  |    53.862     |      35.970       |   1.416   |   1.224   |   0.864   |   2.115
100.  	SPEZIA                |    54.483     |      35.471       |   1.399   |   1.366   |   0.976   |   2.666
101.  	FLUMINENSE            |    53.724     |      35.576       |   1.397   |   1.251   |   0.895   |   2.239
102.  	PARMA                 |    54.094     |      34.762       |   1.366   |   1.400   |   1.025   |   2.872
103.  	BRAGANTINO            |    52.679     |      34.499       |   1.340   |   1.239   |   0.924   |   2.291
104.  	GENOA                 |    53.047     |      33.933       |   1.323   |   1.359   |   1.027   |   2.793
105.  	BENEVENTO             |    52.952     |      33.920       |   1.321   |   1.347   |   1.020   |   2.748
106.  	SCHALKE 04            |    52.712     |      33.439       |   1.301   |   1.376   |   1.058   |   2.911
107.  	VITORIA DE GUIMARAES  |    51.354     |      33.910       |   1.301   |   1.138   |   0.874   |   1.989
108.  	SANTOS                |    51.938     |      33.333       |   1.287   |   1.282   |   0.996   |   2.552
109.  	CEARA                 |    51.758     |      33.195       |   1.280   |   1.274   |   0.996   |   2.538
110.  	RIO AVE               |    50.939     |      33.690       |   1.287   |   1.111   |   0.863   |   1.917
111.  	ATHLETICO-PR          |    50.251     |      32.932       |   1.250   |   1.110   |   0.889   |   1.973
112.  	FORTALEZA             |    48.934     |      32.037       |   1.198   |   1.049   |   0.876   |   1.838
113.  	PACOS DE FERREIRA     |    49.561     |      31.491       |   1.192   |   1.193   |   1.000   |   2.386
114.  	CORINTHIANS           |    48.952     |      31.261       |   1.175   |   1.141   |   0.971   |   2.217
115.  	NIMES                 |    48.360     |      30.233       |   1.137   |   1.192   |   1.048   |   2.500
116.  	LORIENT               |    48.109     |      29.795       |   1.122   |   1.216   |   1.084   |   2.635
117.  	CROTONE               |    47.772     |      29.969       |   1.119   |   1.148   |   1.025   |   2.354
118.  	DIJON                 |    47.526     |      30.028       |   1.116   |   1.108   |   0.993   |   2.202
119.  	FAMALICAO             |    47.407     |      29.025       |   1.092   |   1.223   |   1.121   |   2.743
120.  	BAHIA                 |    46.939     |      28.590       |   1.073   |   1.219   |   1.135   |   2.767
121.  	SANTA CLARA           |    45.836     |      28.386       |   1.045   |   1.096   |   1.048   |   2.299
122.  	GIL VICENTE           |    44.296     |      27.406       |   0.993   |   1.023   |   1.030   |   2.108
123.  	BOTAFOGO              |    44.090     |      26.760       |   0.979   |   1.081   |   1.104   |   2.386
124.  	BOAVISTA              |    42.603     |      26.088       |   0.932   |   0.976   |   1.047   |   2.043
125.  	PORTIMONENSE          |    42.511     |      25.916       |   0.928   |   0.987   |   1.063   |   2.097
126.  	ATLETICO-GO           |    42.354     |      26.005       |   0.925   |   0.955   |   1.033   |   1.974
127.  	VASCO                 |    42.326     |      25.229       |   0.917   |   1.056   |   1.151   |   2.429
128.  	FARENSE               |    42.443     |      25.028       |   0.919   |   1.101   |   1.198   |   2.638
129.  	BELENENSES            |    40.805     |      25.627       |   0.876   |   0.816   |   0.931   |   1.519
130.  	MOREIRENSE            |    40.681     |      24.738       |   0.867   |   0.908   |   1.047   |   1.902
131.  	MARITIMO              |    40.261     |      23.926       |   0.851   |   0.963   |   1.131   |   2.178
132.  	CORITIBA              |    39.400     |      23.364       |   0.824   |   0.928   |   1.127   |   2.093
133.  	GOIAS                 |    39.362     |      22.594       |   0.823   |   1.037   |   1.261   |   2.615
134.  	NACIONAL              |    37.435     |      21.451       |   0.765   |   0.945   |   1.235   |   2.334
135.  	TONDELA               |    37.470     |      21.153       |   0.768   |   0.997   |   1.299   |   2.591
136.  	SPORT                 |    36.925     |      21.232       |   0.749   |   0.908   |   1.213   |   2.203

============================================================================================================================

#           Club              |  SPI Default  |  SPI Round-Robin  |   Power   |    ATK    |    DEF    |    OFF
1.  	FLAMENGO              |    69.356     |      62.731       |   2.288   |   1.888   |   0.825   |   3.117
2.  	ATLETICO-MG           |    65.582     |      58.791       |   2.015   |   1.739   |   0.863   |   3.003
3.  	GREMIO                |    64.882     |      58.660       |   2.101   |   1.551   |   0.738   |   2.290
4.  	SAO PAULO             |    63.355     |      57.039       |   1.980   |   1.510   |   0.763   |   2.304
5.  	PALMEIRAS             |    61.742     |      55.326       |   1.860   |   1.472   |   0.791   |   2.329
6.  	INTERNACIONAL         |    60.030     |      53.695       |   1.772   |   1.387   |   0.783   |   2.172
7.  	FLUMINENSE            |    53.724     |      47.155       |   1.397   |   1.251   |   0.895   |   2.239
8.  	BRAGANTINO            |    52.679     |      46.049       |   1.340   |   1.239   |   0.924   |   2.291
9.  	SANTOS                |    51.938     |      45.079       |   1.287   |   1.282   |   0.996   |   2.552
10.  	CEARA                 |    51.758     |      44.909       |   1.280   |   1.274   |   0.996   |   2.538
11.  	ATHLETICO-PR          |    50.251     |      43.901       |   1.250   |   1.110   |   0.889   |   1.973
12.  	FORTALEZA             |    48.934     |      42.716       |   1.198   |   1.049   |   0.876   |   1.838
13.  	CORINTHIANS           |    48.952     |      42.370       |   1.175   |   1.141   |   0.971   |   2.217
14.  	BAHIA                 |    46.939     |      39.942       |   1.073   |   1.219   |   1.135   |   2.767
15.  	BOTAFOGO              |    44.090     |      37.427       |   0.979   |   1.081   |   1.104   |   2.386
16.  	ATLETICO-GO           |    42.354     |      36.068       |   0.925   |   0.955   |   1.033   |   1.974
17.  	VASCO                 |    42.326     |      35.676       |   0.917   |   1.056   |   1.151   |   2.429
18.  	CORITIBA              |    39.400     |      33.102       |   0.824   |   0.928   |   1.127   |   2.093
19.  	GOIAS                 |    39.362     |      32.697       |   0.823   |   1.037   |   1.261   |   2.615
20.  	SPORT                 |    36.925     |      30.649       |   0.749   |   0.908   |   1.213   |   2.203

============================================================================================================================

#           Club              |  SPI Default  |  SPI Round-Robin  |   Power   |    ATK    |    DEF    |    OFF
1.  	MANCHESTER CITY       |    93.339     |      73.839       |   8.160   |   3.403   |   0.417   |   2.838
2.  	LIVERPOOL             |    91.781     |      68.410       |   6.297   |   3.387   |   0.538   |   3.643
3.  	CHELSEA               |    87.826     |      62.126       |   5.273   |   2.829   |   0.537   |   3.036
4.  	MANCHESTER UNITED     |    85.364     |      57.925       |   4.584   |   2.642   |   0.576   |   3.045
5.  	TOTTENHAM             |    82.975     |      55.324       |   4.278   |   2.395   |   0.560   |   2.683
6.  	LEICESTER             |    78.557     |      48.605       |   3.401   |   2.197   |   0.646   |   2.839
7.  	ARSENAL               |    77.256     |      48.405       |   3.423   |   2.025   |   0.592   |   2.395
8.  	SOUTHAMPTON           |    77.770     |      47.381       |   3.261   |   2.175   |   0.667   |   2.900
9.  	WEST HAM              |    77.146     |      46.665       |   3.187   |   2.139   |   0.671   |   2.871
10.  	WOLVERHAMPTON         |    72.930     |      44.581       |   3.024   |   1.743   |   0.576   |   2.010
11.  	ASTON VILLA           |    75.555     |      44.379       |   2.950   |   2.091   |   0.709   |   2.965
12.  	BRIGHTON              |    74.051     |      43.709       |   2.899   |   1.942   |   0.670   |   2.601
13.  	EVERTON               |    75.078     |      43.501       |   2.862   |   2.094   |   0.732   |   3.064
14.  	LEEDS                 |    72.838     |      40.873       |   2.623   |   2.002   |   0.763   |   3.055
15.  	CRYSTAL PALACE        |    66.883     |      35.700       |   2.188   |   1.692   |   0.773   |   2.618
16.  	NEWCASTLE             |    64.828     |      34.184       |   2.063   |   1.587   |   0.769   |   2.441
17.  	SHEFFIELD UNITED      |    61.782     |      32.318       |   1.904   |   1.420   |   0.746   |   2.118
18.  	BURNLEY               |    61.136     |      31.714       |   1.859   |   1.402   |   0.754   |   2.114
19.  	FULHAM                |    62.050     |      30.909       |   1.831   |   1.552   |   0.847   |   2.630
20.  	WEST BROM             |    54.832     |      25.024       |   1.433   |   1.328   |   0.927   |   2.463

============================================================================================================================

#           Club              |  SPI Default  |  SPI Round-Robin  |   Power   |    ATK    |    DEF    |    OFF
1.  	BAYERN MUNCHEN        |    93.654     |      78.208       |   6.925   |   3.789   |   0.547   |   4.146
2.  	DORTMUND              |    87.285     |      68.137       |   5.179   |   2.762   |   0.533   |   2.946
3.  	LEIPZIG               |    84.943     |      64.828       |   4.673   |   2.543   |   0.544   |   2.768
4.  	BAYER LEVERKUSEN      |    78.920     |      56.517       |   3.559   |   2.162   |   0.608   |   2.627
5.  	MONCHENGLADBACH       |    76.682     |      51.846       |   2.985   |   2.214   |   0.742   |   3.284
6.  	WOLFSBURG             |    73.211     |      48.830       |   2.751   |   1.945   |   0.707   |   2.751
7.  	EINTRACHT FRANKFURT   |    73.478     |      48.194       |   2.671   |   2.042   |   0.765   |   3.123
8.  	HERTHA BERLIN         |    72.455     |      47.320       |   2.606   |   1.969   |   0.756   |   2.975
9.  	UNION BERLIN          |    69.547     |      44.310       |   2.369   |   1.827   |   0.771   |   2.817
10.  	HOFFENHEIM            |    70.873     |      44.247       |   2.347   |   2.021   |   0.861   |   3.480
11.  	STUTTGART             |    66.921     |      40.365       |   2.077   |   1.830   |   0.881   |   3.225
12.  	WERDER BREMEN         |    64.150     |      38.538       |   1.955   |   1.640   |   0.839   |   2.751
13.  	KOLN                  |    64.496     |      38.472       |   1.951   |   1.689   |   0.865   |   2.923
14.  	FREIBURG              |    62.993     |      36.592       |   1.833   |   1.673   |   0.913   |   3.054
15.  	AUGSBURG              |    59.950     |      34.804       |   1.712   |   1.471   |   0.860   |   2.530
16.  	MAINZ                 |    58.285     |      31.302       |   1.535   |   1.605   |   1.046   |   3.358
17.  	ARMINIA               |    54.844     |      30.072       |   1.434   |   1.328   |   0.926   |   2.460
18.  	SCHALKE 04            |    52.712     |      27.123       |   1.301   |   1.376   |   1.058   |   2.911

============================================================================================================================

#           Club              |  SPI Default  |  SPI Round-Robin  |   Power   |    ATK    |    DEF    |    OFF
1.  	BENFICA               |    74.325     |      69.965       |   2.827   |   2.025   |   0.716   |   2.902
2.  	PORTO                 |    72.874     |      68.438       |   2.668   |   1.968   |   0.738   |   2.904
3.  	SPORTING              |    68.619     |      64.214       |   2.350   |   1.735   |   0.738   |   2.561
4.  	BRAGA                 |    63.054     |      58.422       |   1.891   |   1.591   |   0.842   |   2.678
5.  	VITORIA DE GUIMARAES  |    51.354     |      47.056       |   1.301   |   1.138   |   0.874   |   1.989
6.  	RIO AVE               |    50.939     |      46.690       |   1.287   |   1.111   |   0.863   |   1.917
7.  	PACOS DE FERREIRA     |    49.561     |      45.044       |   1.192   |   1.193   |   1.000   |   2.386
8.  	FAMALICAO             |    47.407     |      42.757       |   1.092   |   1.223   |   1.121   |   2.743
9.  	SANTA CLARA           |    45.836     |      41.423       |   1.045   |   1.096   |   1.048   |   2.299
10.  	GIL VICENTE           |    44.296     |      40.011       |   0.993   |   1.023   |   1.030   |   2.108
11.  	BOAVISTA              |    42.603     |      38.389       |   0.932   |   0.976   |   1.047   |   2.043
12.  	PORTIMONENSE          |    42.511     |      38.273       |   0.928   |   0.987   |   1.063   |   2.097
13.  	FARENSE               |    42.443     |      37.972       |   0.919   |   1.101   |   1.198   |   2.638
14.  	BELENENSES            |    40.805     |      36.930       |   0.876   |   0.816   |   0.931   |   1.519
15.  	MOREIRENSE            |    40.681     |      36.589       |   0.867   |   0.908   |   1.047   |   1.902
16.  	MARITIMO              |    40.261     |      36.050       |   0.851   |   0.963   |   1.131   |   2.178
17.  	NACIONAL              |    37.435     |      33.269       |   0.765   |   0.945   |   1.235   |   2.334
18.  	TONDELA               |    37.470     |      33.214       |   0.768   |   0.997   |   1.299   |   2.591

============================================================================================================================

#           Club              |  SPI Default  |  SPI Round-Robin  |   Power   |    ATK    |    DEF    |    OFF
1.  	BARCELONA             |    91.354     |      69.109       |   6.024   |   3.356   |   0.557   |   3.740
2.  	ATL MADRID            |    88.633     |      67.559       |   6.451   |   2.684   |   0.416   |   2.234
3.  	REAL MADRID           |    87.122     |      63.635       |   5.311   |   2.694   |   0.507   |   2.733
4.  	REAL SOCIEDAD         |    83.743     |      59.334       |   4.666   |   2.370   |   0.508   |   2.408
5.  	VILLARREAL            |    80.541     |      54.413       |   3.884   |   2.223   |   0.572   |   2.545
6.  	SEVILLA               |    79.424     |      54.132       |   3.932   |   2.066   |   0.525   |   2.171
7.  	ATL BILBAO            |    70.711     |      43.884       |   2.709   |   1.691   |   0.624   |   2.111
8.  	CELTA                 |    71.702     |      42.908       |   2.586   |   1.893   |   0.732   |   2.770
9.  	GETAFE                |    67.697     |      42.049       |   2.547   |   1.488   |   0.584   |   1.738
10.  	BETIS                 |    70.324     |      40.893       |   2.408   |   1.885   |   0.783   |   2.953
11.  	LEVANTE               |    68.709     |      39.821       |   2.320   |   1.774   |   0.764   |   2.712
12.  	OSASUNA               |    66.942     |      39.667       |   2.311   |   1.581   |   0.684   |   2.163
13.  	EIBAR                 |    65.023     |      39.216       |   2.274   |   1.412   |   0.621   |   1.753
14.  	ALAVES                |    65.456     |      38.373       |   2.199   |   1.518   |   0.690   |   2.097
15.  	VALENCIA              |    67.200     |      38.099       |   2.181   |   1.737   |   0.796   |   2.766
16.  	CADIZ                 |    63.640     |      37.953       |   2.161   |   1.364   |   0.631   |   1.722
17.  	GRANADA               |    67.347     |      37.858       |   2.164   |   1.775   |   0.820   |   2.913
18.  	HUESCA                |    62.038     |      34.180       |   1.876   |   1.486   |   0.792   |   2.356
19.  	VALLADOLID            |    60.483     |      33.347       |   1.806   |   1.394   |   0.772   |   2.153
20.  	ELCHE                 |    56.400     |      30.192       |   1.575   |   1.249   |   0.793   |   1.981

============================================================================================================================

#           Club              |  SPI Default  |  SPI Round-Robin  |   Power   |    ATK    |    DEF    |    OFF
1.  	NAPOLI                |    83.040     |      67.652       |   4.297   |   2.398   |   0.558   |   2.676
2.  	MILAN                 |    83.190     |      66.061       |   3.822   |   2.635   |   0.689   |   3.634
3.  	JUVENTUS              |    81.924     |      65.487       |   3.899   |   2.405   |   0.617   |   2.967
4.  	INTER                 |    82.804     |      65.237       |   3.692   |   2.647   |   0.717   |   3.795
5.  	ATALANTA              |    78.364     |      59.869       |   3.171   |   2.312   |   0.729   |   3.371
6.  	ROMA                  |    77.223     |      58.663       |   3.072   |   2.224   |   0.724   |   3.221
7.  	LAZIO                 |    69.745     |      49.729       |   2.326   |   1.896   |   0.815   |   3.093
8.  	SASSUOLO              |    67.846     |      47.149       |   2.135   |   1.875   |   0.878   |   3.295
9.  	FIORENTINA            |    63.346     |      43.697       |   1.931   |   1.571   |   0.814   |   2.558
10.  	BOLOGNA               |    61.728     |      41.250       |   1.774   |   1.601   |   0.902   |   2.889
11.  	HELLAS VERONA         |    60.210     |      40.516       |   1.734   |   1.469   |   0.847   |   2.489
12.  	UDINESE               |    59.284     |      40.236       |   1.719   |   1.376   |   0.801   |   2.204
13.  	SAMPDORIA             |    58.474     |      38.062       |   1.594   |   1.493   |   0.937   |   2.798
14.  	TORINO                |    58.981     |      37.614       |   1.574   |   1.615   |   1.026   |   3.314
15.  	CAGLIARI              |    57.401     |      36.463       |   1.513   |   1.523   |   1.007   |   3.068
16.  	SPEZIA                |    54.483     |      34.357       |   1.399   |   1.366   |   0.976   |   2.666
17.  	PARMA                 |    54.094     |      33.586       |   1.366   |   1.400   |   1.025   |   2.872
18.  	GENOA                 |    53.047     |      32.731       |   1.323   |   1.359   |   1.027   |   2.793
19.  	BENEVENTO             |    52.952     |      32.723       |   1.321   |   1.347   |   1.020   |   2.748
20.  	CROTONE               |    47.772     |      28.676       |   1.119   |   1.148   |   1.025   |   2.354

============================================================================================================================

#           Club              |  SPI Default  |  SPI Round-Robin  |   Power   |    ATK    |    DEF    |    OFF
1.  	PSG                   |    87.450     |      74.685       |   4.798   |   2.925   |   0.610   |   3.566
2.  	LYON                  |    77.554     |      62.941       |   3.399   |   2.072   |   0.609   |   2.525
3.  	MONACO                |    75.721     |      59.087       |   2.821   |   2.212   |   0.784   |   3.469
4.  	LILLE                 |    72.091     |      56.793       |   2.779   |   1.795   |   0.646   |   2.320
5.  	MARSEILLE             |    70.031     |      54.337       |   2.544   |   1.732   |   0.681   |   2.360
6.  	RENNES                |    65.911     |      49.884       |   2.185   |   1.582   |   0.724   |   2.291
7.  	LENS                  |    62.832     |      46.186       |   1.909   |   1.537   |   0.805   |   2.475
8.  	MONTPELLIER           |    63.391     |      45.891       |   1.871   |   1.664   |   0.889   |   2.959
9.  	BORDEAUX              |    59.028     |      43.565       |   1.765   |   1.282   |   0.726   |   1.861
10.  	ANGERS                |    60.269     |      43.239       |   1.720   |   1.499   |   0.871   |   2.612
11.  	NICE                  |    59.699     |      42.977       |   1.709   |   1.444   |   0.845   |   2.442
12.  	STRASBOURG            |    59.814     |      42.385       |   1.667   |   1.535   |   0.921   |   2.827
13.  	ST ETIENNE            |    56.347     |      40.252       |   1.554   |   1.281   |   0.824   |   2.111
14.  	REIMS                 |    56.014     |      39.209       |   1.495   |   1.356   |   0.908   |   2.462
15.  	BREST                 |    56.293     |      38.158       |   1.444   |   1.534   |   1.063   |   3.261
16.  	NANTES                |    54.872     |      37.939       |   1.428   |   1.346   |   0.943   |   2.539
17.  	METZ                  |    53.862     |      37.778       |   1.416   |   1.224   |   0.864   |   2.115
18.  	NIMES                 |    48.360     |      31.808       |   1.137   |   1.192   |   1.048   |   2.500
19.  	DIJON                 |    47.526     |      31.565       |   1.116   |   1.108   |   0.993   |   2.202
20.  	LORIENT               |    48.109     |      31.356       |   1.122   |   1.216   |   1.084   |   2.635
