#           Club              |  SPI Default  |  SPI Round-Robin  |   Power   |    ATK    |    DEF    |    OFF
1.  	BAYERN MUNCHEN        |    94.499     |      83.491       |   7.490   |   3.971   |   0.530   |   4.211
2.  	MANCHESTER CITY       |    93.721     |      82.582       |   7.580   |   3.641   |   0.480   |   3.497
3.  	BARCELONA             |    91.859     |      79.422       |   6.671   |   3.308   |   0.496   |   3.281
4.  	LIVERPOOL             |    91.884     |      78.712       |   6.164   |   3.455   |   0.560   |   3.872
5.  	REAL MADRID           |    90.357     |      78.077       |   6.815   |   2.934   |   0.431   |   2.527
6.  	PSG                   |    87.767     |      72.468       |   4.932   |   2.934   |   0.595   |   3.492
7.  	ATL MADRID            |    86.653     |      72.983       |   5.645   |   2.533   |   0.449   |   2.272
8.  	CHELSEA               |    87.154     |      71.853       |   4.887   |   2.837   |   0.580   |   3.293
9.  	DORTMUND              |    85.380     |      69.775       |   4.622   |   2.630   |   0.569   |   2.993
10.  	LEIPZIG               |    85.276     |      69.678       |   4.616   |   2.616   |   0.567   |   2.964
11.  	JUVENTUS              |    84.225     |      67.583       |   4.167   |   2.630   |   0.631   |   3.320
12.  	TOTTENHAM             |    83.754     |      67.317       |   4.189   |   2.546   |   0.608   |   3.095
13.  	MANCHESTER UNITED     |    83.429     |      66.516       |   4.016   |   2.574   |   0.641   |   3.299
14.  	INTER                 |    83.536     |      65.769       |   3.797   |   2.706   |   0.713   |   3.858
15.  	SEVILLA               |    82.103     |      66.738       |   4.395   |   2.237   |   0.509   |   2.277
16.  	ARSENAL               |    82.147     |      65.602       |   4.007   |   2.388   |   0.596   |   2.847
17.  	MILAN                 |    81.676     |      64.212       |   3.712   |   2.461   |   0.663   |   3.264
18.  	NAPOLI                |    81.199     |      64.406       |   3.845   |   2.328   |   0.606   |   2.820
19.  	ATALANTA              |    81.251     |      62.789       |   3.445   |   2.554   |   0.741   |   3.786
20.  	LEICESTER             |    80.008     |      62.471       |   3.543   |   2.314   |   0.653   |   3.024
21.  	EVERTON               |    78.709     |      60.925       |   3.368   |   2.236   |   0.664   |   2.969
22.  	REAL SOCIEDAD         |    78.026     |      61.407       |   3.578   |   2.044   |   0.571   |   2.335
23.  	VILLARREAL            |    78.319     |      60.560       |   3.338   |   2.202   |   0.660   |   2.905
24.  	BENFICA               |    77.865     |      59.911       |   3.255   |   2.191   |   0.673   |   2.948
25.  	BAYER LEVERKUSEN      |    76.586     |      59.025       |   3.219   |   2.050   |   0.637   |   2.612
26.  	LYON                  |    75.932     |      59.002       |   3.293   |   1.934   |   0.587   |   2.272
27.  	WEST HAM              |    76.635     |      58.232       |   3.059   |   2.155   |   0.704   |   3.036
28.  	PORTO                 |    76.209     |      58.171       |   3.090   |   2.081   |   0.673   |   2.803
29.  	MONCHENGLADBACH       |    76.059     |      57.842       |   3.043   |   2.092   |   0.688   |   2.877
30.  	SOUTHAMPTON           |    73.998     |      55.998       |   2.899   |   1.935   |   0.668   |   2.584
31.  	WOLVERHAMPTON         |    73.313     |      56.388       |   3.037   |   1.777   |   0.585   |   2.080
32.  	BETIS                 |    74.016     |      55.799       |   2.863   |   1.961   |   0.685   |   2.687
33.  	ROMA                  |    73.783     |      54.682       |   2.705   |   2.053   |   0.759   |   3.116
34.  	EINTRACHT FRANKFURT   |    73.677     |      54.589       |   2.698   |   2.045   |   0.758   |   3.100
35.  	LAZIO                 |    73.530     |      54.577       |   2.706   |   2.020   |   0.747   |   3.016
36.  	ASTON VILLA           |    72.935     |      54.521       |   2.738   |   1.921   |   0.702   |   2.696
37.  	BRIGHTON              |    73.237     |      54.267       |   2.679   |   2.005   |   0.748   |   3.000
38.  	HOFFENHEIM            |    73.164     |      53.387       |   2.563   |   2.100   |   0.819   |   3.442
39.  	LILLE                 |    70.990     |      53.431       |   2.704   |   1.724   |   0.637   |   2.197
40.  	WOLFSBURG             |    71.079     |      53.235       |   2.667   |   1.759   |   0.660   |   2.320
41.  	GETAFE                |    70.170     |      53.916       |   2.858   |   1.552   |   0.543   |   1.685
42.  	HERTHA BERLIN         |    71.715     |      52.283       |   2.496   |   1.975   |   0.792   |   3.127
43.  	RENNES                |    70.892     |      52.538       |   2.575   |   1.806   |   0.701   |   2.534
44.  	LEEDS                 |    70.894     |      51.777       |   2.472   |   1.894   |   0.766   |   2.904
45.  	GRANADA               |    70.576     |      51.761       |   2.486   |   1.843   |   0.741   |   2.733
46.  	FLAMENGO              |    70.119     |      51.161       |   2.431   |   1.837   |   0.756   |   2.777
47.  	OSASUNA               |    68.600     |      50.431       |   2.411   |   1.679   |   0.696   |   2.338
48.  	ATL BILBAO            |    67.660     |      50.236       |   2.433   |   1.560   |   0.641   |   2.002
49.  	FIORENTINA            |    68.647     |      49.433       |   2.288   |   1.799   |   0.786   |   2.829
50.  	CELTA                 |    66.859     |      48.822       |   2.287   |   1.592   |   0.696   |   2.218
51.  	MONACO                |    67.420     |      47.708       |   2.147   |   1.805   |   0.841   |   3.037
52.  	SASSUOLO              |    67.650     |      46.795       |   2.058   |   1.959   |   0.952   |   3.730
53.  	LEVANTE               |    66.809     |      47.379       |   2.131   |   1.747   |   0.820   |   2.863
54.  	MARSEILLE             |    66.293     |      47.520       |   2.161   |   1.651   |   0.764   |   2.523
55.  	CRYSTAL PALACE        |    66.062     |      47.645       |   2.182   |   1.603   |   0.735   |   2.354
56.  	ATLETICO-MG           |    66.810     |      47.049       |   2.099   |   1.786   |   0.851   |   3.040
57.  	VALENCIA              |    66.265     |      47.339       |   2.143   |   1.667   |   0.778   |   2.593
58.  	NEWCASTLE             |    66.016     |      46.957       |   2.111   |   1.673   |   0.792   |   2.650
59.  	EIBAR                 |    64.879     |      46.985       |   2.148   |   1.504   |   0.700   |   2.105
60.  	BURNLEY               |    65.383     |      46.591       |   2.092   |   1.619   |   0.774   |   2.505
61.  	UNION BERLIN          |    65.124     |      45.927       |   2.035   |   1.656   |   0.814   |   2.694
62.  	ALAVES                |    63.830     |      45.986       |   2.074   |   1.463   |   0.705   |   2.063
63.  	SHEFFIELD UNITED      |    63.741     |      45.740       |   2.051   |   1.476   |   0.720   |   2.124
64.  	MONTPELLIER           |    64.579     |      45.078       |   1.971   |   1.672   |   0.848   |   2.836
65.  	WERDER BREMEN         |    64.389     |      44.760       |   1.947   |   1.680   |   0.863   |   2.900
66.  	CADIZ                 |    62.894     |      45.613       |   2.061   |   1.375   |   0.667   |   1.835
67.  	AUGSBURG              |    63.947     |      44.785       |   1.957   |   1.611   |   0.823   |   2.651
68.  	STUTTGART             |    64.498     |      44.174       |   1.899   |   1.770   |   0.932   |   3.298
69.  	GREMIO                |    62.980     |      44.824       |   1.980   |   1.468   |   0.741   |   2.176
70.  	FREIBURG              |    63.874     |      43.971       |   1.892   |   1.696   |   0.897   |   3.042
71.  	LENS                  |    62.910     |      44.592       |   1.960   |   1.483   |   0.756   |   2.243
72.  	PALMEIRAS             |    62.579     |      44.381       |   1.947   |   1.460   |   0.750   |   2.188
73.  	INTERNACIONAL         |    61.786     |      44.247       |   1.951   |   1.367   |   0.701   |   1.916
74.  	HUESCA                |    61.210     |      43.625       |   1.905   |   1.355   |   0.711   |   1.928
75.  	VALLADOLID            |    61.218     |      43.585       |   1.902   |   1.360   |   0.715   |   1.946
76.  	KOLN                  |    62.697     |      42.448       |   1.793   |   1.702   |   0.949   |   3.229
77.  	SPORTING              |    61.261     |      43.057       |   1.855   |   1.421   |   0.766   |   2.177
78.  	BORDEAUX              |    60.028     |      42.591       |   1.834   |   1.308   |   0.713   |   1.864
79.  	BRAGA                 |    60.726     |      41.066       |   1.714   |   1.572   |   0.917   |   2.885
80.  	BOLOGNA               |    60.395     |      40.839       |   1.701   |   1.551   |   0.912   |   2.829
81.  	SAO PAULO             |    59.550     |      41.262       |   1.735   |   1.384   |   0.798   |   2.208
82.  	ST ETIENNE            |    59.211     |      40.678       |   1.696   |   1.402   |   0.827   |   2.319
83.  	FULHAM                |    59.299     |      40.207       |   1.665   |   1.468   |   0.882   |   2.590
84.  	NICE                  |    59.229     |      40.130       |   1.660   |   1.467   |   0.884   |   2.594
85.  	SAMPDORIA             |    59.329     |      39.385       |   1.615   |   1.572   |   0.973   |   3.061
86.  	WEST BROM             |    58.903     |      39.512       |   1.623   |   1.494   |   0.921   |   2.752
87.  	ARMINIA               |    57.502     |      39.060       |   1.597   |   1.352   |   0.847   |   2.290
88.  	ELCHE                 |    56.995     |      39.043       |   1.597   |   1.288   |   0.806   |   2.077
89.  	ANGERS                |    57.526     |      38.677       |   1.575   |   1.399   |   0.889   |   2.487
90.  	NIMES                 |    57.372     |      38.360       |   1.557   |   1.415   |   0.909   |   2.573
91.  	NANTES                |    57.155     |      38.457       |   1.562   |   1.374   |   0.880   |   2.417
92.  	HELLAS VERONA         |    57.287     |      38.217       |   1.549   |   1.420   |   0.917   |   2.605
93.  	TORINO                |    57.708     |      37.774       |   1.527   |   1.536   |   1.006   |   3.089
94.  	UDINESE               |    56.457     |      38.158       |   1.544   |   1.314   |   0.851   |   2.238
95.  	MAINZ                 |    57.523     |      37.426       |   1.509   |   1.553   |   1.029   |   3.197
96.  	SCHALKE 04            |    56.933     |      37.259       |   1.498   |   1.487   |   0.993   |   2.953
97.  	CAGLIARI              |    56.370     |      37.205       |   1.493   |   1.413   |   0.947   |   2.676
98.  	METZ                  |    55.177     |      37.322       |   1.494   |   1.240   |   0.830   |   2.060
99.  	STRASBOURG            |    55.771     |      36.741       |   1.467   |   1.386   |   0.945   |   2.619
100.  	PARMA                 |    56.074     |      36.112       |   1.440   |   1.509   |   1.048   |   3.162
101.  	REIMS                 |    55.072     |      36.663       |   1.459   |   1.300   |   0.891   |   2.317
102.  	BREST                 |    55.823     |      36.119       |   1.439   |   1.471   |   1.023   |   3.008
103.  	GENOA                 |    55.722     |      35.455       |   1.410   |   1.544   |   1.095   |   3.383
104.  	BENEVENTO             |    55.224     |      35.716       |   1.417   |   1.436   |   1.014   |   2.912
105.  	VITORIA DE GUIMARAES  |    53.497     |      35.701       |   1.402   |   1.205   |   0.859   |   2.070
106.  	RIO AVE               |    53.204     |      34.562       |   1.350   |   1.298   |   0.962   |   2.497
107.  	SANTOS                |    52.282     |      33.952       |   1.316   |   1.248   |   0.949   |   2.369
108.  	ATHLETICO-PR          |    51.239     |      34.267       |   1.316   |   1.082   |   0.822   |   1.780
109.  	FLUMINENSE            |    51.833     |      33.553       |   1.295   |   1.237   |   0.955   |   2.361
110.  	LORIENT               |    52.097     |      32.573       |   1.265   |   1.399   |   1.105   |   3.092
111.  	FORTALEZA             |    49.367     |      32.449       |   1.220   |   1.053   |   0.863   |   1.816
112.  	CROTONE               |    50.088     |      31.489       |   1.202   |   1.259   |   1.047   |   2.636
113.  	SPEZIA                |    49.958     |      31.444       |   1.199   |   1.247   |   1.040   |   2.593
114.  	FAMALICAO             |    49.513     |      30.912       |   1.177   |   1.255   |   1.067   |   2.677
115.  	CORINTHIANS           |    48.568     |      30.685       |   1.154   |   1.157   |   1.003   |   2.321
116.  	BAHIA                 |    48.663     |      30.095       |   1.141   |   1.246   |   1.092   |   2.721
117.  	CEARA                 |    47.645     |      30.179       |   1.123   |   1.100   |   0.979   |   2.154
118.  	BRAGANTINO            |    48.050     |      29.903       |   1.124   |   1.187   |   1.056   |   2.508
119.  	SANTA CLARA           |    47.436     |      30.014       |   1.115   |   1.093   |   0.981   |   2.144
120.  	DIJON                 |    46.050     |      28.167       |   1.047   |   1.147   |   1.095   |   2.511
121.  	VASCO                 |    45.249     |      27.581       |   1.019   |   1.117   |   1.096   |   2.450
122.  	MOREIRENSE            |    44.500     |      27.376       |   0.998   |   1.046   |   1.048   |   2.192
123.  	BOTAFOGO              |    44.258     |      26.916       |   0.986   |   1.074   |   1.090   |   2.341
124.  	GIL VICENTE           |    42.999     |      26.129       |   0.944   |   1.014   |   1.074   |   2.177
125.  	ATLETICO-GO           |    42.839     |      26.019       |   0.939   |   1.008   |   1.073   |   2.163
126.  	MARITIMO              |    42.501     |      25.657       |   0.926   |   1.011   |   1.092   |   2.209
127.  	PORTIMONENSE          |    42.539     |      25.629       |   0.927   |   1.020   |   1.101   |   2.246
128.  	PACOS DE FERREIRA     |    42.600     |      25.305       |   0.926   |   1.073   |   1.159   |   2.487
129.  	BELENENSES            |    40.994     |      25.007       |   0.878   |   0.905   |   1.031   |   1.866
130.  	SPORT                 |    41.224     |      24.665       |   0.883   |   0.978   |   1.108   |   2.168
131.  	FARENSE               |    41.182     |      24.032       |   0.879   |   1.063   |   1.209   |   2.569
132.  	GOIAS                 |    40.645     |      22.934       |   0.861   |   1.158   |   1.345   |   3.115
133.  	NACIONAL              |    39.917     |      23.004       |   0.840   |   1.041   |   1.239   |   2.580
134.  	BOAVISTA              |    38.956     |      22.606       |   0.810   |   0.968   |   1.195   |   2.312
135.  	CORITIBA              |    38.601     |      22.751       |   0.799   |   0.900   |   1.127   |   2.029
136.  	TONDELA               |    38.540     |      21.951       |   0.798   |   1.009   |   1.265   |   2.553

============================================================================================================================

#           Club              |  SPI Default  |  SPI Round-Robin  |   Power   |    ATK    |    DEF    |    OFF
1.  	FLAMENGO              |    70.119     |      63.668       |   2.431   |   1.837   |   0.756   |   2.777
2.  	ATLETICO-MG           |    66.810     |      59.934       |   2.099   |   1.786   |   0.851   |   3.040
3.  	GREMIO                |    62.980     |      56.644       |   1.980   |   1.468   |   0.741   |   2.176
4.  	PALMEIRAS             |    62.579     |      56.214       |   1.947   |   1.460   |   0.750   |   2.188
5.  	INTERNACIONAL         |    61.786     |      55.668       |   1.951   |   1.367   |   0.701   |   1.916
6.  	SAO PAULO             |    59.550     |      53.051       |   1.735   |   1.384   |   0.798   |   2.208
7.  	SANTOS                |    52.282     |      45.495       |   1.316   |   1.248   |   0.949   |   2.369
8.  	FLUMINENSE            |    51.833     |      45.049       |   1.295   |   1.237   |   0.955   |   2.361
9.  	ATHLETICO-PR          |    51.239     |      45.018       |   1.316   |   1.082   |   0.822   |   1.780
10.  	FORTALEZA             |    49.367     |      43.098       |   1.220   |   1.053   |   0.863   |   1.816
11.  	CORINTHIANS           |    48.568     |      41.824       |   1.154   |   1.157   |   1.003   |   2.321
12.  	BAHIA                 |    48.663     |      41.603       |   1.141   |   1.246   |   1.092   |   2.721
13.  	BRAGANTINO            |    48.050     |      41.159       |   1.124   |   1.187   |   1.056   |   2.508
14.  	CEARA                 |    47.645     |      41.053       |   1.123   |   1.100   |   0.979   |   2.154
15.  	VASCO                 |    45.249     |      38.447       |   1.019   |   1.117   |   1.096   |   2.450
16.  	BOTAFOGO              |    44.258     |      37.562       |   0.986   |   1.074   |   1.090   |   2.341
17.  	ATLETICO-GO           |    42.839     |      36.322       |   0.939   |   1.008   |   1.073   |   2.163
18.  	SPORT                 |    41.224     |      34.750       |   0.883   |   0.978   |   1.108   |   2.168
19.  	GOIAS                 |    40.645     |      33.562       |   0.861   |   1.158   |   1.345   |   3.115
20.  	CORITIBA              |    38.601     |      32.333       |   0.799   |   0.900   |   1.127   |   2.029

============================================================================================================================

#           Club              |  SPI Default  |  SPI Round-Robin  |   Power   |    ATK    |    DEF    |    OFF
1.  	MANCHESTER CITY       |    93.721     |      73.894       |   7.580   |   3.641   |   0.480   |   3.497
2.  	LIVERPOOL             |    91.884     |      68.627       |   6.164   |   3.455   |   0.560   |   3.872
3.  	CHELSEA               |    87.154     |      60.588       |   4.887   |   2.837   |   0.580   |   3.293
4.  	TOTTENHAM             |    83.754     |      55.502       |   4.189   |   2.546   |   0.608   |   3.095
5.  	MANCHESTER UNITED     |    83.429     |      54.406       |   4.016   |   2.574   |   0.641   |   3.299
6.  	ARSENAL               |    82.147     |      53.814       |   4.007   |   2.388   |   0.596   |   2.847
7.  	LEICESTER             |    80.008     |      50.174       |   3.543   |   2.314   |   0.653   |   3.024
8.  	EVERTON               |    78.709     |      48.554       |   3.368   |   2.236   |   0.664   |   2.969
9.  	WEST HAM              |    76.635     |      45.611       |   3.059   |   2.155   |   0.704   |   3.036
10.  	WOLVERHAMPTON         |    73.313     |      44.839       |   3.037   |   1.777   |   0.585   |   2.080
11.  	SOUTHAMPTON           |    73.998     |      43.776       |   2.899   |   1.935   |   0.668   |   2.584
12.  	ASTON VILLA           |    72.935     |      42.121       |   2.738   |   1.921   |   0.702   |   2.696
13.  	BRIGHTON              |    73.237     |      41.528       |   2.679   |   2.005   |   0.748   |   3.000
14.  	LEEDS                 |    70.894     |      39.106       |   2.472   |   1.894   |   0.766   |   2.904
15.  	CRYSTAL PALACE        |    66.062     |      35.665       |   2.182   |   1.603   |   0.735   |   2.354
16.  	NEWCASTLE             |    66.016     |      34.639       |   2.111   |   1.673   |   0.792   |   2.650
17.  	BURNLEY               |    65.383     |      34.456       |   2.092   |   1.619   |   0.774   |   2.505
18.  	SHEFFIELD UNITED      |    63.741     |      34.127       |   2.051   |   1.476   |   0.720   |   2.124
19.  	FULHAM                |    59.299     |      28.349       |   1.665   |   1.468   |   0.882   |   2.590
20.  	WEST BROM             |    58.903     |      27.540       |   1.623   |   1.494   |   0.921   |   2.752

============================================================================================================================

#           Club              |  SPI Default  |  SPI Round-Robin  |   Power   |    ATK    |    DEF    |    OFF
1.  	BAYERN MUNCHEN        |    94.499     |      80.375       |   7.490   |   3.971   |   0.530   |   4.211
2.  	DORTMUND              |    85.380     |      65.062       |   4.622   |   2.630   |   0.569   |   2.993
3.  	LEIPZIG               |    85.276     |      64.966       |   4.616   |   2.616   |   0.567   |   2.964
4.  	BAYER LEVERKUSEN      |    76.586     |      53.552       |   3.219   |   2.050   |   0.637   |   2.612
5.  	MONCHENGLADBACH       |    76.059     |      52.146       |   3.043   |   2.092   |   0.688   |   2.877
6.  	EINTRACHT FRANKFURT   |    73.677     |      48.577       |   2.698   |   2.045   |   0.758   |   3.100
7.  	HOFFENHEIM            |    73.164     |      47.146       |   2.563   |   2.100   |   0.819   |   3.442
8.  	WOLFSBURG             |    71.079     |      47.595       |   2.667   |   1.759   |   0.660   |   2.320
9.  	HERTHA BERLIN         |    71.715     |      46.135       |   2.496   |   1.975   |   0.792   |   3.127
10.  	UNION BERLIN          |    65.124     |      39.779       |   2.035   |   1.656   |   0.814   |   2.694
11.  	WERDER BREMEN         |    64.389     |      38.468       |   1.947   |   1.680   |   0.863   |   2.900
12.  	AUGSBURG              |    63.947     |      38.636       |   1.957   |   1.611   |   0.823   |   2.651
13.  	STUTTGART             |    64.498     |      37.662       |   1.899   |   1.770   |   0.932   |   3.298
14.  	FREIBURG              |    63.874     |      37.586       |   1.892   |   1.696   |   0.897   |   3.042
15.  	KOLN                  |    62.697     |      35.944       |   1.793   |   1.702   |   0.949   |   3.229
16.  	ARMINIA               |    57.502     |      33.084       |   1.597   |   1.352   |   0.847   |   2.290
17.  	MAINZ                 |    57.523     |      30.934       |   1.509   |   1.553   |   1.029   |   3.197
18.  	SCHALKE 04            |    56.933     |      30.895       |   1.498   |   1.487   |   0.993   |   2.953

============================================================================================================================

#           Club              |  SPI Default  |  SPI Round-Robin  |   Power   |    ATK    |    DEF    |    OFF
1.  	BENFICA               |    77.865     |      73.948       |   3.255   |   2.191   |   0.673   |   2.948
2.  	PORTO                 |    76.209     |      72.275       |   3.090   |   2.081   |   0.673   |   2.803
3.  	SPORTING              |    61.261     |      57.121       |   1.855   |   1.421   |   0.766   |   2.177
4.  	BRAGA                 |    60.726     |      56.134       |   1.714   |   1.572   |   0.917   |   2.885
5.  	VITORIA DE GUIMARAES  |    53.497     |      49.283       |   1.402   |   1.205   |   0.859   |   2.070
6.  	RIO AVE               |    53.204     |      48.731       |   1.350   |   1.298   |   0.962   |   2.497
7.  	FAMALICAO             |    49.513     |      44.945       |   1.177   |   1.255   |   1.067   |   2.677
8.  	SANTA CLARA           |    47.436     |      43.149       |   1.115   |   1.093   |   0.981   |   2.144
9.  	MOREIRENSE            |    44.500     |      40.208       |   0.998   |   1.046   |   1.048   |   2.192
10.  	GIL VICENTE           |    42.999     |      38.732       |   0.944   |   1.014   |   1.074   |   2.177
11.  	PACOS DE FERREIRA     |    42.600     |      38.200       |   0.926   |   1.073   |   1.159   |   2.487
12.  	PORTIMONENSE          |    42.539     |      38.246       |   0.927   |   1.020   |   1.101   |   2.246
13.  	MARITIMO              |    42.501     |      38.226       |   0.926   |   1.011   |   1.092   |   2.209
14.  	FARENSE               |    41.182     |      36.781       |   0.879   |   1.063   |   1.209   |   2.569
15.  	BELENENSES            |    40.994     |      36.913       |   0.878   |   0.905   |   1.031   |   1.866
16.  	NACIONAL              |    39.917     |      35.545       |   0.840   |   1.041   |   1.239   |   2.580
17.  	BOAVISTA              |    38.956     |      34.711       |   0.810   |   0.968   |   1.195   |   2.312
18.  	TONDELA               |    38.540     |      34.218       |   0.798   |   1.009   |   1.265   |   2.553

============================================================================================================================

#           Club              |  SPI Default  |  SPI Round-Robin  |   Power   |    ATK    |    DEF    |    OFF
1.  	BARCELONA             |    91.859     |      70.928       |   6.671   |   3.308   |   0.496   |   3.281
2.  	REAL MADRID           |    90.357     |      69.686       |   6.815   |   2.934   |   0.431   |   2.527
3.  	ATL MADRID            |    86.653     |      64.088       |   5.645   |   2.533   |   0.449   |   2.272
4.  	SEVILLA               |    82.103     |      57.351       |   4.395   |   2.237   |   0.509   |   2.277
5.  	REAL SOCIEDAD         |    78.026     |      51.771       |   3.578   |   2.044   |   0.571   |   2.335
6.  	VILLARREAL            |    78.319     |      50.461       |   3.338   |   2.202   |   0.660   |   2.905
7.  	BETIS                 |    74.016     |      45.838       |   2.863   |   1.961   |   0.685   |   2.687
8.  	GETAFE                |    70.170     |      44.962       |   2.858   |   1.552   |   0.543   |   1.685
9.  	GRANADA               |    70.576     |      41.844       |   2.486   |   1.843   |   0.741   |   2.733
10.  	OSASUNA               |    68.600     |      40.904       |   2.411   |   1.679   |   0.696   |   2.338
11.  	ATL BILBAO            |    67.660     |      41.049       |   2.433   |   1.560   |   0.641   |   2.002
12.  	CELTA                 |    66.859     |      39.480       |   2.287   |   1.592   |   0.696   |   2.218
13.  	LEVANTE               |    66.809     |      37.547       |   2.131   |   1.747   |   0.820   |   2.863
14.  	VALENCIA              |    66.265     |      37.730       |   2.143   |   1.667   |   0.778   |   2.593
15.  	EIBAR                 |    64.879     |      37.853       |   2.148   |   1.504   |   0.700   |   2.105
16.  	ALAVES                |    63.830     |      36.957       |   2.074   |   1.463   |   0.705   |   2.063
17.  	CADIZ                 |    62.894     |      36.857       |   2.061   |   1.375   |   0.667   |   1.835
18.  	HUESCA                |    61.210     |      34.901       |   1.905   |   1.355   |   0.711   |   1.928
19.  	VALLADOLID            |    61.218     |      34.845       |   1.902   |   1.360   |   0.715   |   1.946
20.  	ELCHE                 |    56.995     |      30.545       |   1.597   |   1.288   |   0.806   |   2.077

============================================================================================================================

#           Club              |  SPI Default  |  SPI Round-Robin  |   Power   |    ATK    |    DEF    |    OFF
1.  	JUVENTUS              |    84.225     |      68.301       |   4.167   |   2.630   |   0.631   |   3.320
2.  	INTER                 |    83.536     |      66.369       |   3.797   |   2.706   |   0.713   |   3.858
3.  	MILAN                 |    81.676     |      64.742       |   3.712   |   2.461   |   0.663   |   3.264
4.  	NAPOLI                |    81.199     |      64.968       |   3.845   |   2.328   |   0.606   |   2.820
5.  	ATALANTA              |    81.251     |      63.212       |   3.445   |   2.554   |   0.741   |   3.786
6.  	ROMA                  |    73.783     |      54.637       |   2.705   |   2.053   |   0.759   |   3.116
7.  	LAZIO                 |    73.530     |      54.533       |   2.706   |   2.020   |   0.747   |   3.016
8.  	FIORENTINA            |    68.647     |      49.087       |   2.288   |   1.799   |   0.786   |   2.829
9.  	SASSUOLO              |    67.650     |      46.197       |   2.058   |   1.959   |   0.952   |   3.730
10.  	BOLOGNA               |    60.395     |      39.980       |   1.701   |   1.551   |   0.912   |   2.829
11.  	SAMPDORIA             |    59.329     |      38.415       |   1.615   |   1.572   |   0.973   |   3.061
12.  	HELLAS VERONA         |    57.287     |      37.245       |   1.549   |   1.420   |   0.917   |   2.605
13.  	TORINO                |    57.708     |      36.713       |   1.527   |   1.536   |   1.006   |   3.089
14.  	UDINESE               |    56.457     |      37.239       |   1.544   |   1.314   |   0.851   |   2.238
15.  	CAGLIARI              |    56.370     |      36.169       |   1.493   |   1.413   |   0.947   |   2.676
16.  	PARMA                 |    56.074     |      34.955       |   1.440   |   1.509   |   1.048   |   3.162
17.  	BENEVENTO             |    55.224     |      34.571       |   1.417   |   1.436   |   1.014   |   2.912
18.  	GENOA                 |    55.722     |      34.237       |   1.410   |   1.544   |   1.095   |   3.383
19.  	CROTONE               |    50.088     |      30.184       |   1.202   |   1.259   |   1.047   |   2.636
20.  	SPEZIA                |    49.958     |      30.143       |   1.199   |   1.247   |   1.040   |   2.593

============================================================================================================================

#           Club              |  SPI Default  |  SPI Round-Robin  |   Power   |    ATK    |    DEF    |    OFF
1.  	PSG                   |    87.767     |      75.196       |   4.932   |   2.934   |   0.595   |   3.492
2.  	LYON                  |    75.932     |      61.361       |   3.293   |   1.934   |   0.587   |   2.272
3.  	LILLE                 |    70.990     |      55.682       |   2.704   |   1.724   |   0.637   |   2.197
4.  	RENNES                |    70.892     |      54.865       |   2.575   |   1.806   |   0.701   |   2.534
5.  	MONACO                |    67.420     |      50.009       |   2.147   |   1.805   |   0.841   |   3.037
6.  	MARSEILLE             |    66.293     |      49.709       |   2.161   |   1.651   |   0.764   |   2.523
7.  	MONTPELLIER           |    64.579     |      47.249       |   1.971   |   1.672   |   0.848   |   2.836
8.  	LENS                  |    62.910     |      46.628       |   1.960   |   1.483   |   0.756   |   2.243
9.  	BORDEAUX              |    60.028     |      44.476       |   1.834   |   1.308   |   0.713   |   1.864
10.  	ST ETIENNE            |    59.211     |      42.590       |   1.696   |   1.402   |   0.827   |   2.319
11.  	NICE                  |    59.229     |      42.065       |   1.660   |   1.467   |   0.884   |   2.594
12.  	ANGERS                |    57.526     |      40.535       |   1.575   |   1.399   |   0.889   |   2.487
13.  	NIMES                 |    57.372     |      40.216       |   1.557   |   1.415   |   0.909   |   2.573
14.  	NANTES                |    57.155     |      40.296       |   1.562   |   1.374   |   0.880   |   2.417
15.  	METZ                  |    55.177     |      39.061       |   1.494   |   1.240   |   0.830   |   2.060
16.  	STRASBOURG            |    55.771     |      38.530       |   1.467   |   1.386   |   0.945   |   2.619
17.  	BREST                 |    55.823     |      37.918       |   1.439   |   1.471   |   1.023   |   3.008
18.  	REIMS                 |    55.072     |      38.412       |   1.459   |   1.300   |   0.891   |   2.317
19.  	LORIENT               |    52.097     |      34.187       |   1.265   |   1.399   |   1.105   |   3.092
20.  	DIJON                 |    46.050     |      29.507       |   1.047   |   1.147   |   1.095   |   2.511
